0.0560833428571
0.104392828571
0.0647053714286
0.0632350142857
0.0629747571429
0.0593129
0.0620919
0.0635103428571
0.0649093857143
0.0610071857143
0.0645289428571
0.0654249428571
0.0611194285714
0.0662571428571
0.0685668571429
0.060305
0.0675877428571
0.0660445142857
0.0666606
0.0644027714286
0.0637988428571
0.0641315857143
0.0602283
0.0641716285714
0.0605675
0.0659026857143
0.0613186142857
0.0649564285714
0.0613478285714
0.0619280142857
0.0648924857143
0.0643383714286
0.0637970571429
0.0650422428571
0.0591227428571
0.0617499714286
0.0643871714286
0.0655994571429
0.0649715142857
0.0660315857143
0.0619356571429
0.0604005571429
0.0616147285714
0.0670071571429
0.0654235
0.0641015
0.0648082
0.0651058857143
0.0696162571429
0.0645593714286
0.0678954571429
0.0653670857143
0.0654791857143
0.0690806714286
0.0620393142857
0.0602258571429
0.0636719142857
0.0650886857143
0.0651382142857
0.0631563428571
0.0659953571429
0.0644227285714
0.0660160857143
0.0616913857143
0.0653549142857
0.0699921285714
0.0650178428571
0.0673823714286
0.0691916857143
0.0672460857143
0.0668006714286
0.0667387571429
0.0618802571429
0.0697907142857
0.0726356571429
0.0720306714286
0.0677228571429
0.0684296714286
0.0717563285714
0.0673458
0.0697820857143
0.0687165571429
0.0669903857143
0.0674673857143
0.0694996714286
0.0660010428571
0.0689060857143
0.0698426
0.0664448428571
0.0713125857143
0.0687562
0.0685888
0.0721125
0.0672076714286
0.0688987857143
0.0594965428571
0.0702285571429
0.0731673571429
0.0675778571429
0.0681004285714
0.0774534857143
0.0681036714286
0.0733408285714
0.0655662428571
0.0635526142857
0.0728474142857
0.0687203142857
0.0695809428571
0.0743243142857
0.0729610428571
0.0681725142857
0.0610155714286
0.0686147857143
0.0740345428571
0.0699949142857
0.0645406571429
0.0757764285714
0.0728471
0.0683183
0.0672557285714
0.0744951714286
0.0766504142857
0.0685491285714
0.0687785285714
0.0712097428571
0.0740309285714
0.0742819142857
0.0689445857143
0.0696856142857
0.0758353
0.0718504571429
0.0712976285714
0.0726416714286
0.0730153857143
0.0788604428571
0.0684993142857
0.0785455
0.0689483571429
0.0714257571429
0.0688974571429
0.0761211142857
0.0755910428571
0.0691199285714
0.0680968714286
0.0765075285714
0.0749781857143
0.0723127857143
0.0708308714286
0.0789687285714
0.0732965428571
0.0739186571429
0.0700507428571
0.0738713142857
0.0771818571429
0.0768595285714
0.0675533714286
0.0761682285714
0.0760572571429
0.0757557
0.0690276
0.0762678571429
0.0745179
0.0747121285714
0.069327
0.0720653571429
0.0781269428571
0.0762475571429
0.0700329571429
0.0727293571429
0.0726981571429
0.0730974
0.0731865
0.0756921142857
0.0691606
0.0779559428571
0.0650405571429
0.0780535428571
0.0815262857143
0.0778745428571
0.0728284142857
0.0783056
0.0773201142857
0.0722247428571
0.0779830142857
0.0763949
0.0821706857143
0.0737347428571
0.0699586
0.0703764857143
0.0756933142857
0.0739052285714
0.0727681142857
0.0721219857143
0.0691857
0.0705307857143
0.0688694571429
0.0725856571429
0.0883470285714
0.0788347428571
0.0702327428571
0.0805520571429
0.0746619714286
0.100479071429
0.0664373
0.0752601857143
0.0767341
0.0753966857143
0.0718861142857
0.0746906857143
0.0761355857143
0.0725197714286
0.0762595142857
0.0726393428571
0.0755639428571
0.0832774
0.0855149571429
0.0773442428571
0.0754919428571
0.0731754857143
0.0704183142857
0.0730368285714
0.0736936142857
0.0771020285714
0.0719372428571
0.129958542857
0.0787906571429
0.0794089285714
0.0688563857143
0.0764533285714
0.0710413
0.0827231714286
0.0702027
0.0747293142857
0.0751501
0.0771099428571
0.0642688714286
0.0793314857143
0.0767735857143
0.0799756285714
0.0715568714286
0.0747408714286
0.0779053285714
0.0765179
0.0717833428571
0.0676289857143
0.0731437285714
0.0773805857143
0.0669619142857
0.0786832142857
0.0775665428571
0.0771504142857
0.0755904571429
0.0785844857143
0.0828461714286
0.0830731142857
0.0733555285714
0.0755295714286
0.0819450428571
0.0812695428571
0.0734339
0.0802910714286
0.0808774428571
0.0827376714286
0.0748568
0.0827953428571
0.0814369285714
0.0821557857143
0.0690395
0.0807266
0.0757824857143
0.0819466571429
0.0771911285714
0.0856780285714
0.0800112714286
0.0797370571429
0.0702047
0.0737111714286
0.0760824571429
0.0844369
0.0668642857143
0.0734461571429
0.0765183142857
0.0812517714286
0.0716252285714
0.0838528428571
0.0781635285714
0.0994657
0.0767668428571
0.0844702285714
0.0802255857143
0.0809835
0.0758023857143
0.0832420142857
0.0867033428571
0.0827651428571
0.0767617285714
0.0826369714286
0.0789235571429
0.0899568285714
0.0713797285714
0.0838107571429
0.0844431714286
0.0758334571429
0.0728072142857
0.0808451
0.0771728285714
0.0873737
0.0775670142857
0.0849026571429
0.0895885142857
0.0845611428571
0.0760055571429
0.0847741285714
0.0865620285714
0.0775965857143
0.0761457428571
0.0885941
0.0797277
0.0814773
0.0777149714286
0.0873096
0.132801428571
0.0880337571429
0.0743838571429
0.0870578857143
0.0858785
0.0797610285714
0.0742514142857
0.0807497285714
0.0924465142857
0.111762157143
0.0817214571429
0.0823964571429
0.0822912571429
0.0813659142857
0.0783982714286
0.0878351714286
0.0789194285714
0.0825465428571
0.0677667714286
0.0782909571429
0.0781268714286
0.0939629714286
0.0671760714286
0.0828355428571
0.0892874285714
0.0823420428571
0.0747087428571
0.0812396285714
0.0866688571429
0.0874991857143
0.0762602
0.0871203142857
0.0902098857143
0.0819164
0.0683114714286
0.136408985714
0.0829340142857
0.0874022857143
0.0784305285714
0.0888814714286
0.0869868428571
0.0814726714286
0.0727567857143
0.0900986714286
0.0838585428571
0.0885443428571
0.0739486714286
0.0875902714286
0.0864806857143
0.0899028857143
0.0723368428571
0.0879692
0.0890410428571
0.0909796714286
0.0780618285714
0.0890989142857
0.0830283285714
0.0919532
0.0750819857143
0.085199
0.0831776571429
0.0802116571429
0.0817045
0.0869266285714
0.0834381714286
0.0864886
0.0768509285714
0.0878274142857
0.0858333
0.0875721571429
0.0798461571429
0.0832544857143
0.0863158428571
0.0930468571429
0.0805180714286
0.0825027428571
0.0896326571429
0.0850357142857
0.0783854571429
0.0846116
0.0921243285714
0.0873990142857
0.136415728571
0.0898787
0.0916849571429
0.0882114714286
0.0759481857143
0.0871367571429
0.0896062571429
0.0852796428571
0.0808864571429
0.0845085714286
0.0822739571429
0.0880405285714
0.0757967571429
0.0876845
0.0873119571429
0.0819727142857
0.0769170714286
0.0953795857143
0.0952098285714
0.0842069857143
0.0801433285714
0.0904528285714
0.0867672
0.0858414857143
0.0803593428571
0.0862588571429
0.0935281714286
0.0845635428571
0.0754135142857
0.0894668
0.0824248571429
0.0897585142857
0.133075528571
0.0884389428571
0.0874268571429
0.0887388571429
0.0771608285714
0.0860632571429
0.0882420285714
0.0962572428571
0.0754401
0.0855247142857
0.0865430714286
0.0877266857143
0.0727854
0.0862177714286
0.0917397714286
0.0835428285714
0.1336923
0.0844646428571
0.0865246142857
0.0928054285714
0.0782910857143
0.0961815285714
0.0883159714286
0.0939137285714
0.0782927428571
0.0921981571429
0.0925568571429
0.0919694857143
0.0771192857143
0.103420985714
0.0893684142857
0.0896442142857
0.134098957143
0.0871464285714
0.145133985714
0.0884704142857
0.0791702
0.0959580428571
0.0963069857143
0.0882326714286
0.0801758142857
0.0873831571429
0.0911347428571
0.0893977142857
0.0765283285714
0.0972293
0.0942783857143
0.0907728
0.0800273285714
0.0940058142857
0.0902651285714
0.0934513
0.1411827
0.0937799428571
0.0963014857143
0.0845824
0.0767227142857
0.0939739285714
0.0910092428571
0.0932889571429
0.0798896285714
0.0856732714286
0.0906046571429
0.0887707571429
0.0767599571429
0.0894875285714
0.0982704
0.0945836857143
0.0784889857143
0.0946677285714
0.0915377
0.0965128428571
0.0755369285714
0.0915453
0.103237857143
0.0934055857143
0.0795728857143
0.0926312714286
0.0985907142857
0.153400028571
0.0874040285714
0.096128
0.0925206857143
0.0949324857143
0.0764318285714
0.0932724714286
0.0916004285714
0.0953752714286
0.0841715714286
0.0913461428571
0.100287157143
0.0954396857143
0.0830061
0.0970782
0.101673228571
0.0947579857143
0.0848482714286
0.101710628571
0.0925434714286
0.0896237428571
0.0845615
0.0948158142857
0.0985694428571
0.0996190714286
0.0853759571429
0.0996123142857
0.0919353
0.0971060428571
0.0823768285714
0.0912519714286
0.0889954
0.101101885714
0.0872427285714
0.0892268857143
0.0980595428571
0.0977390857143
0.0825037142857
0.0967926428571
0.156820914286
0.0917066285714
0.0804797
0.0940271142857
0.0936205285714
0.0937592142857
0.087826
0.103195171429
0.0960035285714
0.101263142857
0.0839655714286
0.101274757143
0.0960931
0.0905194
0.0894495428571
0.0971472857143
0.0974453285714
0.104577171429
0.0842823428571
0.0958048571429
0.0979759285714
0.1041931
0.0860310571429
0.0955973
0.102288157143
0.102754885714
0.0859766428571
0.0996442857143
0.100650114286
0.0996588285714
0.0841954714286
0.0941712428571
0.105211928571
0.103324614286
0.0875119142857
0.106687071429
0.1002055
0.102878528571
0.0842069142857
0.107579942857
0.105148742857
0.105292028571
0.0853894142857
0.105628242857
0.100535271429
0.0981651428571
0.0847597428571
0.102555014286
0.0957795857143
0.164391657143
0.0948929571429
0.112584271429
0.152278328571
0.234047714286
0.118609285714
0.150724828571
0.1479865
0.145759157143
0.125324357143
0.148053171429
0.157019214286
0.191115628571
0.120879328571
0.1449054
0.157099028571
0.149815228571
0.119791842857
0.158458785714
0.148405828571
0.152873157143
0.117838028571
