0.0208064
0.0218090666667
0.0225269333333
0.0231584
0.0235509333333
0.0227968
0.0225845333333
0.0221248
0.0228597333333
0.024112
0.023568
0.0230730666667
0.0233504
0.0236021333333
0.0241792
0.0230432
0.0237461333333
0.0238122666667
0.0240853333333
0.02344
0.0236704
0.0233408
0.0236490666667
0.0232266666667
0.0238485333333
0.0231477333333
0.0237098666667
0.0238112
0.0235114666667
0.0238112
0.024368
0.0242794666667
0.0242048
0.0245013333333
0.0245728
0.0246965333333
0.0233674666667
0.0242762666667
0.0247936
0.0242037333333
0.0241013333333
0.0243434666667
0.0246176
0.0231712
0.0239541333333
0.0234314666667
0.0243872
0.0240298666667
0.0245077333333
0.0240576
0.0237194666667
0.0241824
0.0245066666667
0.0236896
0.024672
0.0232970666667
0.0240384
0.0235808
0.0251957333333
0.0238954666667
0.0232469333333
0.0245098666667
0.0243061333333
0.0234165333333
0.0246730666667
0.0241930666667
0.0247082666667
0.0241696
0.0244085333333
0.0246922666667
0.0244576
0.0240202666667
0.0250069333333
0.0239626666667
0.0251968
0.0246570666667
0.0252149333333
0.0237738666667
0.0243296
0.0237312
0.0246058666667
0.0242410666667
0.0236906666667
0.0240448
0.0255754666667
0.0238837333333
0.0251584
0.0251413333333
0.0247082666667
0.0240981333333
0.0238976
0.0241237333333
0.0241504
0.0244416
0.0242826666667
0.0257664
0.0246410666667
0.0237109333333
0.0248298666667
0.0236106666667
0.0239584
0.0240373333333
0.02424
0.0244373333333
0.0247061333333
