0.0197141333333
0.0241589333333
0.0222549333333
0.0223562666667
0.0231498666667
0.0226613333333
0.0239018666667
0.0229941333333
0.0224597333333
0.0224021333333
0.0260021333333
0.0224096
0.0234922666667
0.0247978666667
0.0223221333333
0.0263733333333
0.0246410666667
0.0234314666667
0.0228885333333
0.024048
0.0224330666667
0.0234549333333
0.0237770666667
0.0247893333333
0.0228672
0.0227978666667
0.0236469333333
0.0238282666667
0.0236533333333
0.0238624
0.0235061333333
0.0250026666667
0.0241418666667
0.022448
0.0231658666667
0.0225610666667
0.0236842666667
0.0235488
0.0247328
0.0230517333333
0.0251274666667
0.0227136
0.0229856
0.0253568
0.0235978666667
0.0238698666667
0.0234112
0.0225077333333
0.0231114666667
0.0233621333333
0.0263776
0.023152
0.0245898666667
0.0231253333333
0.0221994666667
0.0222389333333
0.0227093333333
0.0221514666667
0.0239253333333
0.0232266666667
0.0238197333333
0.023936
0.0239808
0.022976
0.024144
0.0242442666667
0.0241269333333
0.0254421333333
0.0235104
0.0236885333333
0.0256309333333
0.0236192
0.0236714666667
0.0241632
0.0247893333333
0.0239765333333
0.0242741333333
0.0240629333333
0.0240234666667
0.0234122666667
0.0262346666667
0.0243296
0.0235488
0.0230250666667
0.0260554666667
0.0228554666667
0.0227914666667
0.0222752
0.0229450666667
0.0225898666667
0.0242336
0.0230517333333
0.0350432
0.0223861333333
0.0240810666667
0.0238933333333
0.0237589333333
0.0245653333333
0.0234389333333
0.0230677333333
0.0235498666667
0.0233738666667
0.0241162666667
0.0228490666667
0.0224245333333
0.0229930666667
0.0233653333333
0.0224565333333
0.0247488
0.0265994666667
0.0230133333333
0.0228416
0.0238378666667
0.0236384
0.0244213333333
0.0231370666667
0.0238453333333
0.0231648
0.0237642666667
0.0227744
0.023936
0.0237269333333
0.0242794666667
0.0240853333333
0.0234101333333
0.0259029333333
0.0242698666667
0.0237749333333
0.0269354666667
0.0234325333333
0.0235189333333
0.0235029333333
0.0258368
0.0240448
0.0244106666667
0.0238805333333
0.024832
0.0237109333333
0.0248544
0.0256266666667
0.0264213333333
0.0249578666667
0.0244074666667
0.0237685333333
0.0230208
0.0239797333333
0.0241685333333
0.0242986666667
0.0241013333333
0.0232586666667
0.0267424
0.0237589333333
0.0233653333333
0.0248330666667
0.0251093333333
0.0244586666667
0.0249077333333
0.0240864
0.0243050666667
0.0248810666667
0.0234165333333
0.0241994666667
0.0238250666667
0.0241504
0.0343157333333
0.0239733333333
0.0242848
0.0252298666667
0.024208
0.0240576
0.0244842666667
0.0255626666667
0.0253749333333
0.0245632
0.0242645333333
0.0248298666667
0.0267914666667
0.0251125333333
0.0241738666667
0.0255744
0.0249024
0.0236832
0.0247733333333
0.0244576
0.0261621333333
0.0241248
0.0242197333333
0.0246485333333
0.0234378666667
0.0257877333333
0.0246528
0.0245877333333
0.0241066666667
0.0246965333333
0.02608
0.0241226666667
0.0242368
0.0240501333333
0.0245173333333
0.024864
0.0251978666667
0.0245749333333
0.0256970666667
0.0244789333333
0.0245130666667
0.0245024
0.0242602666667
0.0237461333333
0.0248544
0.0237717333333
0.0235424
0.0239328
0.0241802666667
0.0243370666667
0.024672
0.0239072
0.0237504
0.0238624
0.0243114666667
0.0240874666667
0.0242773333333
0.0244917333333
0.0245322666667
0.0238773333333
0.0243605333333
0.0248010666667
0.0246176
0.0242709333333
0.0242602666667
0.0251754666667
0.0240085333333
0.0258346666667
0.024528
0.0250592
0.0242282666667
0.023888
0.0241034666667
0.0244576
0.0243957333333
0.0231349333333
0.0233354666667
0.0233557333333
0.0235541333333
0.0238976
0.0242709333333
0.0241408
0.0243189333333
0.0251530666667
0.0240256
0.0239317333333
0.0251018666667
0.0240672
0.0257770666667
0.0229344
0.0231477333333
0.0228928
0.0240330666667
0.0241034666667
0.025136
0.0259658666667
0.0249546666667
0.0253994666667
0.0245397333333
0.0243296
0.0246858666667
0.0263296
0.0247008
0.0243946666667
0.0247253333333
0.0243104
0.0251818666667
0.0232885333333
0.0242314666667
0.0248981333333
0.0247466666667
0.0233610666667
0.0247018666667
0.0236426666667
0.0240458666667
0.0254666666667
0.0251328
0.0259264
0.0254122666667
0.0245109333333
0.0260874666667
0.0254005333333
0.0251253333333
0.0245333333333
0.0244746666667
0.0245813333333
0.0248501333333
0.0242528
0.0252608
0.0249205333333
0.0268661333333
0.0249642666667
0.0253802666667
0.0252842666667
0.0254165333333
0.0258314666667
0.0254453333333
0.0258186666667
0.0247850666667
0.0254890666667
0.0252277333333
0.0244992
0.0249408
0.0257557333333
0.0251104
0.0251232
0.0258336
0.0253333333333
0.0244416
0.0251242666667
0.0258858666667
0.0246698666667
0.0245994666667
0.0271018666667
0.0249333333333
0.0250784
0.0254869333333
0.0246794666667
0.0270037333333
0.0256181333333
0.0252458666667
0.0251370666667
0.0257450666667
0.0250101333333
0.0259125333333
0.0250432
0.0254773333333
0.0259285333333
0.0247018666667
0.0252864
0.0250069333333
0.0254208
0.0251541333333
0.0247509333333
0.02472
0.0256533333333
0.0261738666667
0.0250794666667
0.0249216
0.0249546666667
0.0270677333333
0.0250837333333
0.02504
0.0252629333333
0.0256810666667
0.0250048
0.0252853333333
0.0249856
0.0255402666667
0.0266453333333
0.0245792
0.0258805333333
0.0279509333333
0.0266261333333
0.0258816
0.0265664
0.0257728
0.0264736
0.0249749333333
0.0251530666667
0.0255221333333
0.0255082666667
0.0262122666667
0.0242496
0.02488
0.0259189333333
0.0250336
0.024912
0.0260266666667
0.0248394666667
0.0253642666667
0.0258549333333
0.0247797333333
0.0261824
0.0242837333333
0.0246549333333
0.0250677333333
0.0254634666667
0.0255594666667
0.0253077333333
0.0248597333333
0.0257909333333
0.024208
0.0247018666667
0.0259392
0.0250229333333
0.0251402666667
0.0255754666667
0.0256213333333
0.0247264
0.0248832
0.0264842666667
0.0251456
0.026272
0.0245866666667
0.0244053333333
0.0251466666667
0.0260074666667
0.0251573333333
0.0253717333333
0.0257802666667
0.0251541333333
0.0253546666667
0.0254570666667
0.0258250666667
0.0285866666667
0.0254272
0.0254421333333
0.0261952
0.0251530666667
0.0263978666667
0.0258848
0.0285418666667
0.0250154666667
0.0248757333333
0.0240554666667
0.0249824
0.0237781333333
0.0297728
0.0245514666667
0.0257258666667
0.0254336
0.0259306666667
0.0272288
0.0255541333333
0.0254666666667
0.0249578666667
0.0258389333333
0.0241301333333
0.0248085333333
0.0252437333333
0.02512
0.0371274666667
0.0254154666667
0.0250922666667
0.0247861333333
0.0249898666667
0.0254954666667
0.0277130666667
0.0255488
0.024816
0.0291850666667
0.0257866666667
0.0253898666667
0.0262432
0.0253002666667
0.0249077333333
0.0254133333333
0.0254901333333
0.0251178666667
0.0259936
0.0248885333333
0.0254826666667
0.0244906666667
0.0256138666667
0.0258144
0.0253386666667
0.0255616
0.025904
0.0258229333333
0.0252192
0.0248234666667
0.0250336
0.0255530666667
0.0264821333333
0.0268746666667
0.0261130666667
0.0269290666667
0.0240938666667
0.0248832
0.0257216
0.0241546666667
0.0242165333333
0.0252085333333
0.024624
0.0250570666667
0.0251989333333
0.0252042666667
0.0247349333333
0.0246474666667
0.0243658666667
0.0250912
0.0276405333333
0.0259136
0.0253781333333
0.0261354666667
0.0271904
0.0265952
0.0261056
0.0252309333333
0.0262272
0.0253429333333
0.0254997333333
0.0257056
0.0256256
0.0248010666667
0.0256405333333
0.0258922666667
0.0256992
0.0253578666667
0.0281045333333
0.0261312
0.0262634666667
0.0255125333333
0.0250741333333
0.0252394666667
0.0275008
0.0257824
0.0259285333333
0.0271754666667
0.0262645333333
0.0256064
0.0253237333333
0.0252853333333
0.0266656
0.0268906666667
0.0257952
0.0263029333333
0.0256618666667
0.0263893333333
0.0264309333333
0.0258698666667
0.0260490666667
0.0259424
0.0265568
0.0254570666667
0.0257354666667
0.0257365333333
0.0261290666667
0.0254293333333
0.0266624
0.0264661333333
0.0253312
0.025216
0.0258442666667
0.0259221333333
0.0255370666667
0.0276576
0.0264917333333
0.0256309333333
0.025872
0.0275242666667
0.0266848
0.0267413333333
0.0254528
0.028
0.0254218666667
0.0259509333333
0.0264416
0.0259157333333
0.0270037333333
0.0260693333333
0.0261898666667
0.0262176
0.0261141333333
0.0273226666667
0.0259082666667
0.025648
0.0258869333333
0.0256224
0.0257173333333
0.0267594666667
0.0266752
0.0253002666667
0.0258517333333
0.026528
0.0268704
0.0268618666667
0.0260234666667
0.0267157333333
0.0279914666667
0.0266613333333
0.0258965333333
0.02648
0.0254752
0.0261109333333
0.0261109333333
0.0258058666667
0.0262208
0.0262762666667
0.0267157333333
0.0262005333333
0.0268224
0.02784
0.0269941333333
0.0265664
0.0281504
0.0268277333333
0.0262976
0.0270176
0.0272736
0.0293376
0.0264704
0.027024
0.0266144
0.0261888
0.0262293333333
0.0258037333333
0.0267690666667
0.0258933333333
0.026512
0.0263530666667
0.0267317333333
0.0267050666667
0.0260768
0.0279744
0.0267445333333
0.0276341333333
0.0262069333333
0.0264469333333
0.0272874666667
0.0268074666667
0.0289514666667
0.026496
0.0266229333333
0.0261098666667
0.0261258666667
0.0255626666667
0.0271850666667
0.026496
0.0266944
0.0252725333333
0.0261248
0.0262709333333
0.02704
0.0268970666667
0.0267413333333
0.0260106666667
0.0275488
0.0269024
0.028608
0.0282912
0.0307925333333
0.0263424
0.0267690666667
0.0279029333333
0.0263285333333
0.0258752
0.0265013333333
0.026256
0.0259594666667
0.0281461333333
0.0273994666667
0.0260426666667
0.0271893333333
0.0270112
0.0271530666667
0.0279669333333
0.0263882666667
0.0281216
0.0273365333333
0.0258986666667
0.0263264
0.0283413333333
0.0267253333333
0.0259050666667
0.0256053333333
0.0284629333333
0.0296298666667
0.02696
0.0263978666667
0.0273632
0.0270666666667
0.0263562666667
0.0257834666667
0.0275082666667
0.0265696
0.0279349333333
0.0269312
0.02688
0.0269184
0.0266250666667
0.0303626666667
0.0265173333333
0.0270016
0.0276448
0.0275178666667
0.0264394666667
0.0266144
0.0259605333333
0.0263424
0.0270058666667
0.0274922666667
0.0261472
0.0280032
0.0275317333333
0.02624
0.0268554666667
0.0280704
0.0272373333333
0.0265130666667
0.0263402666667
0.0273045333333
0.0262613333333
0.0260128
0.0273706666667
0.0272853333333
0.0266666666667
0.0272618666667
0.0262645333333
0.0282378666667
0.0269258666667
0.0285376
0.0268906666667
0.0270442666667
0.0264853333333
0.0265194666667
0.0269162666667
0.0279626666667
0.0266229333333
0.0271541333333
0.0272896
0.0265664
0.0257749333333
0.0260170666667
0.0265728
0.0265045333333
0.0258752
0.0283434666667
0.0265461333333
0.0274730666667
0.0273653333333
0.0276917333333
0.0273472
0.0268597333333
0.0269962666667
0.0274592
0.0269664
0.0270677333333
0.0296938666667
0.0275722666667
0.0272597333333
0.0272277333333
0.0274250666667
0.0263882666667
0.0290112
0.0297088
0.0269834666667
0.0284341333333
0.0262357333333
0.0268373333333
0.0276341333333
0.0266453333333
0.0269333333333
0.0274133333333
0.0264512
0.0279210666667
0.0268106666667
0.0265514666667
0.0270677333333
0.0265184
0.0278506666667
0.0268032
0.0270293333333
0.0278528
0.0293589333333
0.0297269333333
0.0277354666667
0.0276832
0.02728
0.0272576
0.0288128
0.0265472
0.0270144
0.0274069333333
0.0283434666667
0.0274912
0.0287797333333
0.0288650666667
0.0282762666667
0.0273514666667
0.0268373333333
0.0275626666667
0.0291072
0.0268650666667
0.0271050666667
0.0272512
0.027776
0.0273834666667
0.0278037333333
0.0279072
0.0272394666667
0.0269792
0.0270666666667
0.028992
0.0284138666667
0.027744
0.0269685333333
0.027184
0.0272853333333
0.0282144
0.0289610666667
0.0267168
0.0293984
0.0266912
0.0270517333333
0.0285674666667
0.0279146666667
0.0282421333333
0.0271968
0.0381621333333
0.0271093333333
0.0271722666667
0.0275253333333
0.0276672
0.0277888
0.0279232
0.0276672
0.0289898666667
0.0271946666667
0.029952
0.0273408
0.0274677333333
0.0272864
0.0277493333333
0.0270688
0.0275530666667
0.0283552
0.027504
0.0424256
0.0272405333333
0.0269664
0.0277077333333
0.0272821333333
0.0272021333333
0.0271413333333
0.0275424
0.0272725333333
0.0269077333333
0.0286133333333
0.0265461333333
0.0280597333333
0.0287264
0.0275210666667
0.02984
0.0279189333333
0.0271722666667
0.0275541333333
0.0280405333333
0.0275744
0.0292821333333
0.0278432
0.0274144
0.0275317333333
0.0278026666667
0.0277664
0.0284778666667
0.0286549333333
0.0269237333333
0.0275029333333
0.028464
0.0280682666667
0.0275178666667
0.0277664
0.0280405333333
0.0276554666667
0.0278784
0.0275893333333
0.0278421333333
0.0270688
0.0280544
0.027632
0.0306570666667
0.0268746666667
0.0284213333333
0.0288906666667
0.0285002666667
0.0276394666667
0.0278709333333
0.0279178666667
0.0280725333333
0.0285397333333
0.0282581333333
0.0280949333333
0.0297706666667
0.0278133333333
0.0273728
0.0282336
0.0280714666667
0.0280341333333
0.0279882666667
0.0284256
0.0287317333333
0.0279818666667
0.0296864
0.0275232
0.0296704
0.0281472
0.0281077333333
0.0276074666667
0.0292629333333
0.0287776
0.028064
0.0281429333333
0.0285066666667
0.0298954666667
0.029552
0.0283253333333
0.0284693333333
0.0273546666667
0.0275114666667
0.0293792
0.0280853333333
0.028208
0.0276330666667
0.0290144
0.0285045333333
0.0279573333333
0.0294197333333
0.0282378666667
0.0286250666667
0.0279530666667
0.0280832
0.0277557333333
0.0289002666667
0.0281461333333
0.0278592
0.029728
0.0295381333333
0.0279818666667
0.0288704
0.0280917333333
0.0296266666667
0.027568
0.0390858666667
0.0295594666667
0.0281344
0.0284437333333
0.0291498666667
0.0279669333333
0.0308298666667
0.0294304
0.0286816
0.0275434666667
0.0285717333333
0.0285792
0.0312928
0.0319765333333
0.0306048
0.0286602666667
0.0302986666667
0.0284682666667
0.0285226666667
0.0275584
0.0285749333333
0.0308746666667
0.0288042666667
0.0279274666667
0.0293845333333
0.0305930666667
0.0292213333333
0.0272544
0.0281152
0.0288277333333
0.0299925333333
0.0288810666667
0.0292192
0.0278784
0.0300298666667
0.0299104
0.0279242666667
0.0322922666667
0.0291722666667
0.0292426666667
0.0297248
0.0288416
0.0297941333333
0.0292149333333
0.0292629333333
0.0293045333333
0.0298026666667
0.0282730666667
0.0289898666667
0.0316394666667
0.028416
0.02856
0.0295402666667
0.0296096
0.029216
0.0288064
0.0293194666667
0.0296874666667
0.0300714666667
0.0309728
0.0309098666667
0.0293258666667
0.0302592
0.0299488
0.0289312
0.0287050666667
0.0288373333333
0.0289429333333
0.0293162666667
0.0291978666667
0.0303456
0.0296469333333
0.0291584
0.0291274666667
0.0299082666667
0.0287530666667
0.0297269333333
0.0286453333333
0.0291882666667
0.0293002666667
0.0288394666667
0.0286890666667
0.0282602666667
0.0289386666667
0.0291893333333
0.0292
0.0292544
0.028912
0.0293525333333
0.0291146666667
0.02928
0.0304618666667
0.0292992
0.0283744
0.0287114666667
0.0294421333333
