0.07302400095
0.0876000002
0.0605760012
0.0740639977
0.0744320024
0.06099200065
0.0746880025
0.0614560004
0.06208000145
0.074719999
0.0622559991
0.06183999965
0.0625600014
0.06212799995
0.06302399935
0.0650080014
0.0620959997
0.06582400015
0.06214400005
0.07227200085
0.06244800055
0.0667200014
0.06438400225
0.0652480014
0.0757759996
0.0755039975
0.06303999945
0.0632160008
0.07537600025
0.0622080006
0.08123200015
0.06238400005
0.06280000135
0.0623519998
0.0655840002
0.08563200015
0.07105600085
0.06588799875
0.06283200155
0.063471999
0.06280000135
0.06303999945
0.0721120015
0.06294399875
0.08763200045
0.07553600145
0.0698559992
0.0626559984
0.06304000315
0.063248001
0.06313600015
0.06358399985
0.06307200345
0.0684799999
0.0638720021
0.0630239993
0.06329599765
0.06316800045
0.0633759983
0.0630079992
0.06361600015
0.06340799855
0.06363200025
0.0750240013
0.06478400155
0.06387199835
0.06358399985
0.0711359978
0.0637439974
0.0760160014
0.07675199955
0.0759360008
0.06392000245
0.06387199835
0.0881440006
0.0634560026
0.06761599705
0.0675840005
0.0732000023
0.0639839992
0.06371200085
0.0636160001
0.0634559989
0.0949759968
0.06422400105
0.06752000005
0.0641760007
0.0641440004
0.07580799985
0.0645119995
0.0764319971
0.0641600005
0.07011200115
0.06407999995
0.06446399915
0.06689599905
0.08315199985
0.0648959987
0.06460800025
0.06547199935
0.06494399905
0.0644160025
0.08953600005
0.06428799775
0.0765279979
0.06419199705
0.0642720014
0.08548799905
0.064576
0.0646400005
0.0651200004
0.06395199895
0.07734400035
0.0671840012
0.0774560012
0.06454399975
0.06670399755
0.06569599735
0.0769920014
0.06454399975
0.0772639997
0.08497599885
0.07003200055
0.0645439997
0.0782079995
0.0652320012
0.0655199997
0.07193600015
0.06660800055
0.06639999895
0.0792960003
0.0664319992
0.06654400005
0.0669600032
0.0671040006
0.0784639977
0.08928000185
0.0708160028
0.0690879971
0.0664319992
0.06663999705
0.06609599665
0.0673120022
0.07870400325
0.07878400015
0.06692799925
0.0668799989
0.066176001
0.0668639988
0.0667680018
0.07889600095
0.0663679987
0.07916799935
0.0787039995
0.0655199997
0.0786879994
0.06591999905
0.06624000145
0.0791360028
0.0668160021
0.07025599855
0.06745599955
0.0674719997
0.06727999825
0.0677279979
0.0671519972
0.06787200275
0.0729119964
0.07641600075
0.06753600015
0.0717599988
0.06713600085
0.0683840029
0.0921759978
0.06790399925
0.07796800135
0.06716800105
0.07038400325
0.0706880018
0.0674720034
0.0888159983
0.0674879998
0.06905600055
0.07102400065
0.0712799989
0.0675840005
0.08105600255
0.06895999985
0.0894079991
0.0676160008
0.06836799905
0.07993599775
0.07217599825
0.08028800045
0.067904003
0.08131200075
0.07668799905
0.06887999925
0.08055999875
0.0766080022
0.06867200135
0.06859200075
0.06972800195
0.068496
0.0904959999
0.08072
0.06875199825
0.0719839968
0.0684639998
0.0682719983
0.07192
0.1042880006
0.06827200205
0.07896000145
0.06849600005
0.08116799965
0.2032800019
0.06844799965
0.0732959993
0.06872000175
0.06827199835
0.06779200215
0.06916799765
0.0682560019
0.06950400025
0.08232000095
0.069472
0.0748319998
0.0689599998
0.0700159967
0.0699199997
0.10972800105
0.07126400245
0.0742559992
0.07123200225
0.0706080012
0.0699199997
0.0700959973
0.0823519975
0.08155199885
0.0699519999
0.070224002
0.0819520019
0.0696640015
0.0694079995
0.0700000003
0.0704319999
0.0769760013
0.0735520013
0.07780800015
0.0946400017
0.07142399995
0.06995199995
0.0700000003
0.0728479996
0.06939199935
0.0726560019
0.084015999
0.0718399994
0.0720960014
0.07183999945
0.072143998
0.0799839981
0.0721280016
0.19651199875
0.08431999755
0.07345600055
0.0713599995
0.0724640004
0.0717440024
0.0721759982
0.10817600045
0.07196800035
0.07627199965
0.0719039999
0.0721920021
0.07263999805
0.0721599981
0.07233600315
0.0720639974
0.0729120001
0.07231999935
0.08383999765
0.07225600255
0.0753279999
0.0769120008
0.0768480003
0.081840001
0.0895039998
0.0862720013
0.0780640021
0.08705599975
0.08390400185
0.07467200235
0.07796800135
0.085839998
0.07409600165
0.074496001
0.07615999875
0.07417599855
0.07403199745
0.07473600285
0.07726399975
0.074000001
0.08582400155
0.09347200025
0.07425599915
0.0783680007
0.08464000005
0.08199999855
0.07804799825
0.0790879987
0.0741439983
0.08486400175
0.0744320005
0.0744160004
0.08033600075
0.07414399835
0.07859199865
0.09859200195
0.075344
0.0899360031
0.0760479979
0.08801600335
0.07561599835
0.0878720023
0.0764000006
0.075567998
0.08353599905
0.07504000145
0.07555200155
0.0819040015
0.07572800295
0.0758880004
0.0883039981
0.07566400245
0.07913599905
0.0757760033
0.07606399805
0.08817600085
0.08161599935
0.07574399935
0.0802879967
0.0871200003
0.07531199975
0.0758880004
0.07887999715
0.0869760029
0.07555199785
0.07873599975
0.08033599705
0.0797279999
0.07689600065
0.0773920007
0.076415997
0.07782400025
0.08961600065
0.07710399855
0.0777119994
0.0767680034
0.077920001
0.0785920024
0.0895039998
0.0769280009
0.07742400095
0.0773280002
0.0797279999
0.07966399935
0.0893600024
0.07763199885
0.07676799965
0.08563200015
0.07676799965
0.0765919983
0.07702400165
0.0890560001
0.08041600135
0.0778400004
0.0806400031
0.07681600005
0.08049599825
0.0767839998
0.0806079991
0.07639999685
0.08700800315
0.084863998
0.0790559985
0.07931200045
0.08252799885
0.08276800065
0.08032000065
0.07934400065
0.07955199855
0.0799359977
0.0798079967
0.10068799925
0.0834879987
0.08040000125
0.092240002
0.0793600008
0.078991998
0.09180800245
0.0799359977
0.0796319991
0.079744
0.07977600025
0.0801439993
0.07927999645
0.08334400135
0.07908799875
0.0806719996
0.0823679976
0.0799040012
0.09241599965
0.08003199845
0.0917600021
0.0943679996
0.0929760002
0.0809919983
0.0815839991
0.1257760003
0.08846399935
0.1006240025
0.0839840025
0.1146880016
0.09318400175
0.0814559981
0.0812800005
0.08123200015
0.0811999999
0.093311999
0.080368001
0.1142400019
0.0805120021
0.0808960013
0.09265599775
0.080591999
0.0808160007
0.08100799845
0.08116799965
0.0811199993
0.08457599955
0.08931199835
0.0815199986
0.0812800005
0.0942720026
0.0940000005
0.08148799835
0.09496000035
0.0946720019
0.10667200015
0.08329600095
0.08230400085
0.08283200115
0.0860799998
0.08915200085
0.0856960006
0.08267199995
0.08313599975
0.08246399835
0.08246399835
0.09486399965
0.08300799875
0.08268800005
0.0827840008
0.08323200045
0.08542399855
0.09456000105
0.08236800135
0.08230399715
0.0824960023
0.09481599925
0.0827520005
0.1028160006
0.08276799695
0.09464000165
0.0825759992
0.0876800008
0.0832480006
0.08222400025
0.08414399995
0.11459200085
0.08483199775
0.08359999955
0.0843840018
0.084015999
0.08427200095
0.08329600095
0.08359999955
0.0878399983
0.08395200225
0.08372800055
0.0840000026
0.08380800115
0.08464
0.08404799925
0.08406399935
0.084416002
0.0843999982
0.09625599905
0.0836159997
0.08443200215
0.0849439986
0.0868320018
0.08446399865
0.0874239989
0.08457599955
0.0961920023
0.0901920013
0.12038400025
0.0846239999
0.0834240019
0.08868800105
0.08953600005
0.088688001
0.08847999945
0.089168001
0.08876800165
0.0932479985
0.10119999945
0.1146240011
0.08923200145
0.1123839952
0.10195199775
0.0894239992
0.0887519978
0.08976000175
0.10179199655
0.08908800035
0.08924799785
0.08891199905
0.088911999
0.0888000019
0.09212800115
0.0895520002
0.08831999825
0.0891200006
0.1014720015
0.08908800035
0.0889439993
0.08908800035
0.08895999935
0.0899039991
0.0893440023
0.09030400215
0.0905760005
0.09014400095
0.09038399905
0.09671999885
0.0907199979
0.0907200016
0.09083199875
0.0933920033
0.1036799997
0.09190399945
0.1034400016
0.1032800004
0.10004800185
0.09119999785
0.09031999855
0.0920960009
0.09014400095
0.10680000115
0.10265599935
0.1029920019
0.10248000175
0.1048000008
0.09411200135
0.09059200065
0.09092799945
0.09135999905
0.1030079983
0.09152000025
0.09096000345
0.09395200015
0.1024639979
0.1018400006
0.09166400135
0.11324799805
0.09152000025
0.1047360003
0.09244799985
0.09235199915
0.0927520022
0.0942080021
0.1038879976
0.1054879986
0.0913439989
0.1088799983
0.1046400033
0.09222399815
0.09219200165
0.0926240012
0.1050719991
0.0928000025
0.0953279994
0.09214400125
0.09204800055
0.0928000025
0.1042720005
0.0922880024
0.0988960005
0.10521600025
0.0920160003
0.0920160003
0.0916320011
0.09230399875
0.09171199795
0.0940000005
0.0929920003
0.09334399925
0.0929439999
0.0999999978
0.09348800035
0.106255997
0.09356800095
0.09321599825
0.0940480009
0.10697600245
0.1135680005
0.09606400135
0.10263999925
0.0961120017
0.09327999875
0.0935360007
0.093807999
0.0999200009
0.09326400235
0.09369600195
0.09358400105
0.09411200135
0.10393599795
0.1016320027
0.0936159976
0.10510399935
0.09334400295
0.0930080004
0.0978079997
0.0989760011
0.09403200075
0.12387200075
0.09502400085
0.0953759998
0.09436799955
0.09516800195
0.25811199845
0.09575999905
0.09944000095
0.0952799991
0.09745599705
0.1111360006
0.09531200305
0.09851200135
0.0955040008
0.1150880009
0.11910400165
0.11968000235
0.09854399785
0.09494400025
0.09671999885
0.28323199975
0.09571199865
0.0961440019
0.10793599855
0.0967200026
0.12031999605
0.24187200515
0.09449600055
0.1310879998
0.0965600014
0.1086400002
0.0948639996
0.09736000005
0.0966559984
0.11558400465
0.09705600145
0.09860799835
0.0996959992
0.1020479985
0.1055519991
0.0965920016
0.0968159996
0.0972639993
0.1278239973
0.0970560014
0.10017599915
0.09655999765
0.10265599935
0.09592000025
0.10571199655
0.096864
0.10099199785
0.0969600007
0.09708799795
0.0972800031
0.0971040018
0.09967999905
0.0981279984
0.2025440037
0.10100799795
0.0974400006
0.1099199988
0.11171200125
0.1097759977
0.0981760025
0.1107360013
0.1019040011
0.10046400125
0.10811199995
0.09836800025
0.09876799955
0.09623999895
0.16670399905
0.09867199885
0.09835200015
0.32132798805
0.0996479988
0.0993920006
0.09779199955
0.09800000115
0.09947199745
0.09931199995
0.0989599973
0.09840000045
0.10302400215
0.0987359993
0.0990240015
0.09844800085
0.09800000115
0.10156800225
0.10780800135
0.0980480015
0.09783999995
0.0981279984
0.09889600055
0.09812800215
0.1064000018
0.09971200305
0.10796799885
0.10636799785
0.10238400105
0.10364799945
0.10151999815
0.106751997
0.09984000025
0.1001279987
0.10028799995
0.09907199815
0.09977599975
0.10048000145
0.09881599995
0.0992479995
0.10844799875
0.0985440016
0.1039359979
0.1137280017
0.1012319997
0.1239200011
0.11222400515
0.1036799997
0.1128480025
0.10113599895
0.1003840007
0.10296000165
0.0996479988
0.1007519998
0.10048000145
0.0992319994
0.1138880029
0.1154880002
0.1154880002
0.11401600015
0.1149120033
0.1147999987
0.1187679991
0.1147999987
0.1147199981
0.12776000055
0.1391840018
0.13617600125
0.12211200225
0.11416000125
0.12219199535
0.1164800003
0.1163359992
0.1167840026
0.1183679998
0.1176160015
0.1266719997
0.1144480035
0.11515200135
0.11455999685
0.1333920024
0.11545599995
0.1145600006
0.1150559969
0.1145440005
0.1147040017
0.1174719967
0.11483199895
0.12793599815
0.11849599705
0.1157759987
0.1174560003
0.1222559996
0.11598400025
0.1157599986
0.1309439987
0.1154079996
0.1188639998
0.12945599855
0.11953600125
0.12025599925
0.11591999975
0.1158399992
0.13996800035
0.1167679988
0.13188800215
0.11590399965
0.1194400005
0.13699200005
0.12166400255
0.11667199805
0.1155520007
0.12884800135
0.1292799972
0.11934399975
0.1164159998
0.11609600115
0.1273599975
0.13103999945
0.11619199815
0.1176959984
0.1172159985
0.11756799745
0.1173279993
0.1209120005
0.13398399945
0.11792000015
0.1179360002
0.11817600205
0.11689599975
0.121456001
0.12772800025
0.1173919998
0.13060799985
0.1338719949
0.1166720018
0.11772799865
0.1305600032
0.12103999775
0.1211359985
0.13083200155
0.1177599989
0.11747200045
0.11724800245
0.1174720004
0.12863999605
0.11780799925
0.1173759997
0.1237599961
0.11790399995
0.11843200025
0.1276799999
0.1179840006
0.11908800155
0.1191359982
0.12318399925
0.1185120009
0.1192159988
0.12999999895
0.1192480028
0.11937600005
0.11833599955
0.1192959994
0.1232960001
0.12555199865
0.1256640032
0.1195680015
0.14572799955
0.11888
0.11993600055
0.12601600215
0.11926399915
0.1320799999
0.1190720014
0.1199199967
0.11864000185
0.1281599961
0.11945600065
0.1195200011
0.122704003
0.12703999875
0.12267199905
0.14519999925
0.1193119995
0.12038400025
0.1331680007
0.12084800005
0.12049599735
0.13392000275
0.11985599995
0.12123199925
0.12008000165
0.1207199991
0.12068800255
0.12087999655
0.12137600035
0.1206559986
0.12347199765
0.12401600185
0.15147200225
0.1396000013
0.1205120012
0.1337440014
0.1367840022
0.1207519993
0.12118399885
0.14675199985
0.1204960011
0.12166399885
0.13385600225
0.12238400055
0.12086400015
0.1279680021
0.12048000095
0.1372799985
0.12062399835
0.1225919984
0.13552000375
0.1562080011
0.1226559989
0.12243200095
0.12214400245
0.12348800155
0.12263999875
0.1222559996
0.1260480024
0.1230879985
0.1227199994
0.1346400008
0.12222399935
0.12646400185
0.13441599905
0.1222719997
0.12230399995
0.12601600215
0.12934400145
0.12305600195
0.1217279993
0.1229440011
0.13420799745
0.12259199845
0.12235200035
0.1362560019
0.12683199715
0.14804799855
0.12259200215
0.1276480034
0.12215999885
0.1267520003
0.12708800285
0.1258400008
0.1246080026
0.1309439987
0.12419200315
0.12463999915
0.1360160001
0.1242399998
0.1247199997
0.12531200055
0.12391999735
0.1244320013
0.12451200185
0.1247999966
0.144944001
0.13692800325
0.1245279983
0.12368000295
0.1430079974
0.1238879971
0.1241599992
0.1248000041
0.12503999845
0.1249279976
0.1313920021
0.1379519999
0.1324480027
0.12475199625
0.1251519993
0.12822400035
0.12420799955
0.1359679997
0.12844800205
0.12603200225
0.12534400075
0.1256640032
0.12569600345
0.1351040006
0.1291199997
0.1265119985
0.13852799685
0.13400000335
0.1253120005
0.1290559992
0.1419359967
0.12611199915
0.12567999955
0.12654399875
0.1254559979
0.12550400195
0.12617599965
0.1260640025
0.12617599965
0.1355039999
0.13009599595
0.12657600645
0.12611199915
0.13067200035
0.1253919974
0.1528640017
0.1262240037
0.12604799865
0.12958399955
