0.0199264
0.0198176
0.0233152
0.0191168
0.0212288
0.0196992
0.0196672
0.0195072
0.0206656
0.018672
0.01992
0.018832
0.0202592
0.0258688
0.0210048
0.02568
0.0219744
0.027152
0.0197824
0.0243424
0.0210432
0.019632
0.021152
0.0196544
0.020976
0.0241856
0.0216
0.0191968
0.0215584
0.020608
0.0216032
0.02024
0.0201568
0.0203712
0.0205056
0.02064
0.0221664
0.0272384
0.0208928
0.02048
0.02096
0.0207392
0.0202528
0.0208992
0.02136
0.023232
0.0227328
0.02176
0.0217472
0.0206752
0.021696
0.0263104
0.0230976
0.0219648
0.0239072
0.0205536
0.0208288
0.0201472
0.0207552
0.0200512
0.022496
0.0214784
0.0212672
0.021232
0.0211104
0.0204576
0.02248
0.0209856
0.0216032
0.0223392
0.021872
0.0228448
0.0207424
0.0216288
0.0219904
0.0244128
0.0218048
0.0229056
0.02552
0.020336
0.02128
0.0211072
0.0219264
0.0258272
0.0277376
0.0216128
0.021872
0.0266528
0.022736
0.0211232
0.023072
0.0234976
0.0215552
0.0222144
0.0223808
0.0210976
0.0216928
0.0207744
0.023152
0.0215456
0.0208928
0.0216768
0.0220864
0.0211936
0.0213504
0.021952
0.0216416
0.0226496
0.020976
0.0217024
0.021824
0.0235584
0.021792
0.0276352
0.0228576
0.0234528
0.0229856
0.0224192
0.023024
0.0225856
0.0219424
0.0224672
0.0222752
0.0214816
0.021488
0.0215712
0.022688
0.0231488
0.0250144
0.0220256
0.0232128
0.023088
0.0212928
0.0245408
0.0232512
0.0230976
0.0242368
0.0227872
0.0274016
0.0238496
0.0221408
0.023888
0.0246944
0.0229728
0.0222752
0.0234752
0.023888
0.0225056
0.0240672
0.0237312
0.022448
0.0221728
0.0238048
0.0236992
0.0237632
0.0239616
0.0217952
0.0219808
0.0232832
0.0226368
0.0225632
0.0227904
0.0236448
0.0244672
0.023376
0.0228032
0.0297056
0.0269152
0.0225696
0.0225216
0.0240096
0.0245088
0.0233088
0.0234496
0.0259968
0.0239744
0.024096
0.0249568
0.0256128
0.0254336
0.0254016
0.0251648
0.024416
0.0243104
0.03424
0.0241952
0.0238368
0.0242656
0.0288928
0.0239456
0.0239264
0.0281728
0.0234624
0.0233472
0.0237056
0.024464
0.025984
0.0242496
0.0245248
0.0239136
0.0228608
0.023552
0.0246496
0.024176
0.0240032
0.0247072
0.025952
0.027728
0.0265728
0.0246784
0.0256224
0.0247424
0.0241696
0.0243808
0.0246368
0.0241664
0.0240448
0.0278464
0.0232128
0.024208
0.0258912
0.0257344
0.0300384
0.0243104
0.0265632
0.0252928
0.0241344
0.0247648
0.0250112
0.0264128
0.026448
0.025504
0.0244064
0.0246176
0.02552
0.0259872
0.0263456
0.0256928
0.023792
0.0250464
0.0261088
0.02448
0.024576
0.0283072
0.0267328
0.0242528
0.024416
0.0254752
0.0256128
0.0255616
0.0243936
0.0294688
0.025552
0.0257376
0.025184
0.0251744
0.0265952
0.0260736
0.0248352
0.025248
0.0263936
0.0253184
0.0250304
0.0314784
0.027184
0.0247104
0.02704
0.0256352
0.0270528
0.0260544
0.0252864
0.0258656
0.0251552
0.026112
0.0257024
0.0263968
0.0248576
0.026224
0.0252576
0.0263648
0.0262464
0.0263552
0.0268064
0.0249856
0.0247744
0.024928
0.0293888
0.0247744
0.0257632
0.0251552
0.02656
0.0259968
0.02712
0.0270272
0.0262496
0.0258464
0.028608
0.0270176
0.0260704
0.0269344
0.025824
0.0272064
0.0277984
0.0260928
0.0278336
0.0266176
0.0297056
0.0260352
0.0282336
0.0268192
0.029328
0.0310624
0.0282432
0.0259744
0.0262784
0.02904
0.0315072
0.026128
0.0289376
0.0267552
0.0279616
0.026016
0.0276576
0.0260192
0.0288352
0.0278688
0.028448
0.0273504
0.0262272
0.027984
0.0280992
0.0264576
0.0256768
0.0274496
0.0269504
0.0320064
0.027008
0.0270848
0.0282144
0.0283392
0.0276064
0.0272416
0.0261152
0.0282368
0.0283712
0.027392
0.0354592
0.0284512
0.0278208
0.0278848
0.0269856
0.0278912
0.0279904
0.0266336
0.0286848
0.0269504
0.028432
0.0286112
0.027904
0.028736
0.0264928
0.0300608
0.0316832
0.0277696
0.0283616
0.028912
0.0320416
0.0280288
0.0269088
0.0266112
0.028
0.0293728
0.0268064
0.0286944
0.028016
0.0293184
0.0287616
0.0287328
0.0278464
0.0286912
0.0278048
0.0276384
0.0273632
0.0268352
0.0296608
0.0282336
0.0277632
0.028992
0.026928
0.029024
0.0288992
0.0278624
0.02896
0.0280768
0.027696
0.0294656
0.0289408
0.0284128
0.0278592
0.0271648
0.027744
0.0275296
0.0289216
0.0290752
0.0289312
0.0284928
0.035568
0.0280704
0.028848
0.0291072
0.0301952
0.0296768
0.0284672
0.028624
0.0289312
0.0290176
0.028528
0.0278304
0.028144
0.0288672
0.0304544
0.0287872
0.0297248
0.0292096
0.0322464
0.0299168
0.0306368
0.0288224
0.0306656
0.0302272
0.0309472
0.0292512
0.0292128
0.0310752
0.0288832
0.030432
0.0294624
0.0301088
0.0291904
0.0304032
0.0292256
0.0307456
0.0287424
0.0305696
0.0310144
0.0299488
0.0309248
0.0300864
0.0303008
0.0301696
0.0336448
0.0307968
0.0299392
0.0290176
0.030928
0.0296576
0.0309696
0.0303008
0.0319648
0.0304512
0.0309664
0.0306496
0.0321984
0.0313504
0.0301664
0.0299008
0.0310464
0.0309184
0.0299008
0.031024
0.0312512
0.031312
0.031232
0.0316064
0.0296064
0.0289024
0.0308768
0.0305824
0.0303648
0.029776
0.0346944
0.0305664
0.0311104
0.0311456
0.0321216
0.031328
0.0341824
0.0301216
0.0347456
0.0312
0.0315744
0.0305696
0.0300768
0.0310816
0.0304192
0.0302848
0.030704
0.0314592
0.0319168
0.0306304
0.0321152
0.034832
0.0313792
0.0314144
0.031712
0.0312288
0.0315296
0.0319136
0.0318464
0.032016
0.031696
0.0316832
0.0322816
0.0317088
0.032576
0.0325856
0.0324704
0.0318144
0.0323136
0.0319808
0.0325088
0.0321952
0.0330976
0.0317568
0.0365056
0.0317568
0.0322624
0.0309504
0.0335552
0.0337632
0.0382464
0.0316416
0.0319008
0.0331968
0.0321824
0.0327008
0.0361824
0.0321248
0.03144
0.0317888
0.0324928
0.0317152
0.0331712
0.0326304
0.032688
0.0338656
0.0332768
0.038768
0.0382496
0.033152
0.035376
0.0313824
0.0311456
0.032432
0.0322688
0.0315424
0.032096
0.033056
0.0325504
0.0321888
0.0326816
0.032368
0.0323968
0.0327168
0.0319168
0.037488
0.0327136
0.0342272
0.033392
0.0337984
0.032432
0.0332
0.0343456
0.033824
0.0332704
0.0324256
0.0365696
0.034128
0.0325824
0.0339808
0.0327008
0.0336832
0.0338976
0.0319488
0.03344
0.0349984
0.034608
0.0345696
0.0337056
0.0327712
0.033216
0.0329216
0.0336704
0.0330496
0.0352576
0.035808
0.032752
0.0339488
0.0335424
0.0334176
0.0334592
0.0334656
0.0368032
0.0370528
0.03424
0.0329376
0.0347968
0.0350912
0.0343872
0.0355072
0.0341824
0.03304
0.0344128
0.0334752
0.0340448
0.0354432
0.0341984
0.0329664
0.0340896
0.034864
0.0330432
0.0326304
0.0333696
0.0326784
0.0338912
0.0337216
0.0336256
0.0331648
0.0388672
0.0345856
0.0347648
0.0337664
0.0392224
0.0348704
0.0348672
0.0343392
0.0336448
0.0340704
0.0368896
0.034192
0.034576
0.0556864
0.0343104
0.0345664
0.034752
0.03664
0.0340384
0.0341184
0.0353824
0.0355136
0.0359392
0.0338848
0.0347968
0.034592
0.0338112
0.0349376
0.0350272
0.0341568
0.0359232
0.034864
0.0350944
0.0352032
0.0341632
0.0335584
0.0357696
0.0345792
0.0367392
0.0359936
0.0355232
0.0352896
0.0347648
0.0345088
0.0340992
0.0340384
0.035552
0.0362112
0.0358016
0.0369536
0.0359392
0.0347072
0.0346208
0.0350208
0.035376
0.0399648
0.0350752
0.0346528
0.0369216
0.0351584
0.0344768
0.03992
0.0359232
0.0348288
0.0368928
0.035232
0.0358624
0.035392
0.0382304
0.0363968
0.0367968
0.036384
0.0376448
0.0366816
0.0352448
0.040592
0.037312
0.0385376
0.036016
0.0368928
0.0381376
0.036528
0.036368
0.0370272
0.0354944
0.034864
0.0362816
0.0374496
0.037136
0.0375904
0.0365696
0.0364576
0.0406368
0.038784
0.0362368
0.0355232
0.0408096
0.0383104
0.0374176
0.0371744
0.0369408
0.0367968
0.0369472
0.0366144
0.038496
0.0361568
0.040912
0.0352864
0.0366592
0.0376704
0.037392
0.0370176
0.0380736
0.0361248
0.0381824
0.037104
0.0416768
0.0366144
0.036704
0.0370144
0.0370304
0.0374016
0.0371648
0.0419008
0.040368
0.0374432
0.0378368
0.0372736
0.037632
0.0377824
0.0371936
0.039376
0.0421728
0.039008
0.0399296
0.0393376
0.0380896
0.0448992
0.0424288
0.0385536
0.0361216
0.0367744
0.037248
0.0375872
0.0380544
0.0382848
0.0381664
0.0374336
0.0387168
0.0391904
0.038224
0.0378912
0.037376
0.0389696
0.0400096
0.0368384
0.0372512
0.0380192
0.0377312
0.0378848
0.0389888
0.0367296
0.03672
0.0435136
0.0373152
0.0378944
0.0389216
0.0395456
0.0383392
0.0395136
0.041872
0.0368736
0.0386912
0.0394336
0.04
0.04032
0.0403904
0.038928
0.0392256
0.0403648
0.0378144
0.0385664
0.0394272
0.0379424
0.0398112
0.038864
0.0403936
0.0402208
0.0381632
0.0377152
0.039968
0.0402592
0.0391904
0.0381504
0.0394208
0.0397568
0.0422272
0.039184
0.0398848
0.0438144
0.0399936
0.0403424
0.0425632
0.0388128
0.038544
0.0406208
0.0387872
0.0388864
0.0387552
0.0397568
0.0398528
0.0441504
0.0389056
0.0401984
0.0400992
0.0395488
0.0419552
0.0392992
0.0390112
0.0439136
0.0404896
0.0385184
0.0392992
0.039152
0.0398976
0.0394112
0.043344
0.0404704
0.0384544
0.0399104
0.040832
0.0398848
0.0397056
0.0409536
0.0393664
0.0391488
0.04136
0.0397152
0.0398112
0.0418144
0.0415328
0.0398496
0.0404224
0.0400448
0.0405888
0.0400736
0.0407424
0.0461888
0.0413888
0.040352
0.0410976
0.0396896
0.0406368
0.0420192
0.0410048
0.0404512
0.0414304
0.0406848
0.0394272
0.0392608
0.0395072
0.0413632
0.0416128
0.0399616
0.040528
0.0459072
0.041648
0.0406752
0.040544
0.0398848
0.0418912
0.0396448
0.0444768
0.04016
0.0410944
0.041856
0.0400832
0.040944
0.0409088
0.0423904
0.0425376
0.0394336
0.0420992
0.0408864
0.0421792
0.0417248
0.0428544
0.0425184
0.0422208
0.0410464
0.043488
0.0411456
0.0407456
0.0407616
0.0410656
0.0475968
0.0415424
0.0403936
0.0450944
0.0412576
0.0418624
0.041088
0.0414496
0.0416
0.040832
0.0471584
0.0440352
0.0421344
0.0432544
0.043248
0.041328
0.041872
0.0416864
0.0465568
0.0473824
0.0421376
0.0479136
0.0430944
0.0426112
0.0426816
0.0425024
0.0423104
0.043392
0.042688
0.0482528
0.0439936
0.0421568
0.0420832
0.0414912
0.0433312
0.0458272
0.0417728
0.0431808
0.0422336
0.0430368
0.0505344
0.043312
0.0429984
0.0428288
0.0420384
0.0417984
0.0466912
0.0422976
0.0476768
0.042992
0.0425312
0.0420768
0.0422496
0.046432
0.0421632
0.042752
0.0414432
0.0432256
0.0432352
0.0427168
0.0419072
0.0428512
0.0427616
0.0421728
0.0419712
0.0426592
0.041344
0.0432544
0.0426304
0.0433216
0.0474784
0.0440896
0.0431648
0.0441728
0.0427264
0.0440576
0.043104
0.0429024
0.0431456
0.0431488
0.0430272
0.0427584
0.0444672
0.0430304
0.0431264
0.04256
0.0421248
0.04328
0.0436416
0.0446816
0.0432736
0.0438976
0.0432224
0.043584
0.0432224
0.043888
0.0471744
0.0440576
0.0432352
0.0429984
0.0443168
