0.021797
0.048815
0.097491
0.062125
0.019115
0.024317
0.025076
0.043065
0.050538
0.066597
0.024274
0.067897
0.068086
0.048862
0.068379
0.069313
0.079283
0.017927
0.064371
0.076657
0.062717
0.067793
0.019317
0.074236
0.074089
0.075126
0.01746
0.048911
0.027651
0.085733
0.080154
0.065919
0.078645
0.05369
0.041618
0.067947
0.068109
0.067013
0.018212
0.079676
0.076539
0.042891
0.044585
0.02039
0.067259
0.064599
0.023264
0.032282
0.052381
0.07596
0.067889
0.035058
0.029098
0.053661
0.02102
0.065972
0.045012
0.053338
0.070356
0.053406
0.058266
0.054621
0.092281
0.073491
0.086773
0.018542
0.041311
0.019744
0.020295
0.071928
0.152048
0.019143
0.056467
0.073869
0.018666
0.068286
0.073766
0.073806
0.035875
0.075964
0.022007
0.069901
0.052666
0.048954
0.043219
0.154296
0.06037
0.06852
0.073151
0.019339
0.068217
0.092342
0.061894
0.08189
0.057196
0.143006
0.051732
0.076406
0.07789
0.076526
0.022459
0.071869
0.049105
0.075257
0.022464
0.133509
0.020384
0.051026
0.075957
0.081009
0.054363
0.069422
0.070715
0.018208
0.074714
0.024603
0.058068
0.076581
0.02305
0.036021
0.04534
0.069786
0.018412
0.041024
0.085729
0.074969
0.077221
0.050264
0.068782
0.047464
0.026721
0.019069
0.080533
0.058082
0.071615
0.074301
0.07248
0.068287
0.050188
0.065477
0.048425
0.049131
0.073432
0.018855
0.075341
0.082186
0.058505
0.022077
0.066379
0.051107
0.019377
0.045984
0.017917
0.019021
0.078064
0.034875
0.077186
0.042505
0.076568
0.040987
0.050832
0.036362
0.076045
0.064134
0.071204
0.047637
0.071418
0.042883
0.043348
0.043587
0.052312
0.068841
0.0359
0.063451
0.055399
0.021878
0.070386
0.019549
0.059695
0.09861
0.060721
0.059009
0.076059
0.052175
0.040201
0.069255
0.063256
0.057635
0.054308
0.045258
0.062925
0.021722
0.152652
0.066967
0.044692
0.025531
0.042583
0.074211
0.038766
0.021746
0.077179
0.072736
0.079418
0.068584
0.068951
0.042062
0.074186
0.071
0.058062
0.031846
0.01914
0.092968
0.078538
0.063769
0.057121
0.071097
0.022693
0.079438
0.018583
0.055257
0.05144
0.080812
0.06517
0.021004
0.056841
0.051947
0.105391
0.02179
0.028292
0.035294
0.149408
0.042025
0.076897
0.080779
0.01862
0.168467
0.041382
0.018831
0.040124
0.019503
0.018696
0.067564
0.07441
0.077535
0.056183
0.074809
0.060542
0.078955
0.060353
0.033639
0.065736
0.057589
0.070673
0.063737
0.052892
0.065406
0.049268
0.020611
0.08035
0.156561
0.020235
0.01846
0.02039
0.075871
0.066516
0.023501
0.061686
0.086526
0.067947
0.067661
0.067102
0.076719
0.026293
0.090324
0.03028
0.021997
0.021406
0.04607
0.1082
0.068125
0.071386
0.063326
0.021216
0.076788
0.076149
0.075673
0.062562
0.082964
0.052625
0.052539
0.053732
0.019456
0.079817
0.063664
0.046297
0.045552
0.077077
0.050778
0.075388
0.046645
0.022193
0.153187
0.064565
0.058803
0.046359
0.053021
0.066549
0.053144
0.080542
0.07795
0.05266
0.082906
0.047907
0.083033
0.020767
0.081905
0.118643
0.058186
0.059601
0.055518
0.01915
0.081283
0.060343
0.07187
0.022573
0.04456
0.018577
0.063726
0.074082
0.03423
0.068991
0.021068
0.056663
0.067993
0.046619
0.055005
0.050702
0.097501
0.018413
0.019163
0.023134
0.043254
0.053084
0.077157
0.058305
0.044456
0.056415
0.064594
0.090295
0.072441
0.021467
0.04532
0.020983
0.067073
0.019125
0.046449
0.041412
0.090257
0.018803
0.05428
0.085842
0.059959
0.054482
0.074641
0.024351
0.085611
0.04085
0.068192
0.067269
0.066639
0.019815
0.052037
0.072574
0.050932
0.078451
0.061848
0.019292
0.075275
0.035635
0.078648
0.076202
0.01986
0.055652
0.068855
0.040447
0.054153
0.019039
0.080432
0.019093
0.046143
0.054336
0.057052
0.018742
0.071601
0.081537
0.074476
0.077334
0.120572
0.071366
0.151884
0.077445
0.06403
0.081583
0.055686
0.069109
0.085159
0.067281
0.021071
0.059585
0.07212
0.077893
0.0217
0.043639
0.020215
0.052569
0.019439
0.073147
0.070807
0.083356
0.021776
0.146745
0.055456
0.060033
0.05137
0.066305
0.046512
0.081841
0.082142
0.0815
0.02857
0.046846
0.080381
0.048735
0.072663
0.07525
0.033102
0.050304
0.070543
0.076105
0.048102
0.039591
0.077122
0.054383
0.072957
0.018814
0.055379
0.056442
0.040521
4.088521
0.078909
0.019399
0.081672
0.057597
0.053889
0.021776
0.080926
0.071957
0.187341
0.046915
0.075727
0.023253
0.019223
0.134092
0.026225
0.01909
0.021735
0.178099
0.078879
0.023071
0.027439
0.067173
0.019158
0.019615
0.073673
0.053034
0.029576
0.076272
0.019442
0.027462
0.07762
0.053643
0.056419
0.044739
0.04448
0.061168
0.073666
0.067429
0.057806
0.030287
0.055817
0.079864
0.062757
0.038869
0.045764
0.021517
0.055399
0.086114
0.05356
0.076861
0.07733
0.059384
0.05909
0.022439
0.075122
0.082594
0.052142
0.042605
0.081274
0.023328
0.074402
0.075823
0.073193
0.019385
0.059397
0.067248
0.038
0.070894
0.039937
0.019626
0.085624
0.078243
0.019133
0.022593
0.021927
0.073034
0.023297
0.059028
0.047364
0.033606
0.153979
0.078407
0.052999
0.045927
0.020163
0.081502
0.01885
0.048905
0.0255
0.051861
0.019256
0.035626
0.027886
0.055821
0.062114
0.077707
0.079416
0.062529
0.065531
0.054918
0.054544
0.019191
0.0896
0.080382
0.051026
0.043177
0.031715
0.046074
0.019659
0.046245
0.019625
0.052195
0.019312
0.055495
0.082388
0.046461
0.046657
0.430994
0.053722
0.040822
0.047662
0.076122
0.069822
0.020848
0.076658
0.181134
0.026797
0.1506
0.083289
0.06513
0.061529
0.020028
0.055473
0.056228
0.075501
0.07974
0.080995
0.046654
0.113837
0.069569
0.076769
0.057139
0.081276
0.0529
0.019948
0.142585
0.057432
0.026313
0.020078
0.070575
0.072834
0.054551
0.039349
0.079329
0.064635
0.070997
0.043332
0.046519
0.052757
0.072072
0.07048
0.061113
0.072464
0.023246
0.019882
0.077289
0.062856
0.043195
0.0837
0.057826
0.021463
0.041601
0.02247
0.071877
0.046055
0.085391
0.028848
0.076525
0.048918
0.0528
0.019223
0.082101
0.073502
0.023069
0.05588
0.062122
0.052408
0.07005
0.078519
0.035134
0.041654
0.058201
0.049679
0.061563
0.055611
0.041431
0.019735
0.082342
0.046178
0.075482
0.057581
0.05487
0.023402
0.018772
0.06046
0.032934
0.080477
0.071559
0.074963
0.048237
0.028286
0.077468
0.036414
0.057106
0.057718
0.039794
0.05017
0.059976
0.032215
0.020218
0.053367
0.030516
0.052005
0.055755
0.074758
0.057025
0.082201
0.076415
0.020106
0.077665
0.047498
0.073176
0.070254
0.048642
0.078571
0.079464
0.077446
0.034889
0.083055
0.080709
0.078399
0.055915
0.074151
0.077606
0.061752
0.02013
0.022248
0.054427
0.04685
0.078494
0.08275
0.020356
0.074765
0.022917
0.045619
0.03826
0.019452
0.072855
0.041222
0.056165
0.045191
0.067726
0.023352
0.036459
0.076261
0.062627
0.072212
0.084853
0.044179
0.055229
0.084644
0.083345
0.082043
0.063932
0.082975
0.029849
0.066405
0.023124
0.06324
0.047267
0.022962
0.06885
0.053194
0.070157
0.019522
0.051763
0.077954
0.053647
0.055174
0.057491
0.096106
0.020384
0.025397
0.020195
0.056434
0.055398
0.057046
0.081592
0.050182
0.02027
0.03725
0.053364
0.049413
0.024076
0.052885
0.022653
0.070847
0.055723
0.048476
0.053545
0.08122
0.06914
0.082611
0.071526
0.073448
1.001273
0.024809
0.045015
0.041838
0.080535
0.058189
0.023692
0.05855
0.054994
0.045877
0.083314
0.073846
0.087055
0.025165
0.019496
0.057358
0.074674
0.054077
0.055998
0.061098
0.046088
0.027199
0.056408
0.020691
0.079847
0.079298
0.024569
0.020167
0.078097
0.023763
0.030502
0.020587
0.067656
0.077797
0.080535
0.022487
0.041476
0.02604
0.027548
0.019707
0.078778
0.037959
0.075683
0.073373
0.08117
0.064882
0.046863
0.023673
0.039823
0.050695
0.026041
0.029946
0.054121
0.038617
0.079398
0.058019
0.063329
0.150727
0.084872
0.083933
0.094808
0.019941
0.052261
0.048329
0.062612
0.086612
0.080505
0.077967
0.077308
0.020529
0.020278
0.155825
0.0714
0.100766
0.081583
0.05623
0.020498
0.062847
0.020654
0.088383
0.056234
0.044595
0.02051
0.044788
0.067702
0.054985
0.081666
0.063914
0.072911
0.06141
0.056738
0.055997
0.061102
0.075215
0.020133
0.026538
0.074687
0.086739
0.057594
0.02052
0.050848
0.054755
0.019807
0.073448
0.083956
0.025686
0.047648
0.064627
0.058205
0.031172
0.023938
0.081814
0.057734
0.080478
0.075501
0.082695
0.076574
0.020309
0.08117
0.025239
0.047597
0.082522
0.09802
0.054216
0.023557
0.055289
0.039158
0.046743
0.068659
0.079388
0.079953
0.057827
0.062383
0.075378
0.03084
0.05546
0.020379
0.056932
0.047617
0.03294
0.062021
0.020408
0.082006
0.039454
0.064487
0.020997
0.057604
0.046771
0.03982
0.084691
0.058152
0.019847
0.076845
0.024036
0.04733
0.024305
0.056551
0.069371
0.023916
0.078637
0.056365
0.046922
0.04883
0.073068
0.02042
0.025577
0.082429
0.09912
0.027404
0.030553
0.098133
0.057485
0.048946
0.023698
0.050116
0.058189
0.059063
0.022778
0.049967
0.048552
0.063026
0.040817
0.031542
0.02073
0.036285
0.049563
0.01949
0.071544
0.079413
0.024219
0.022989
0.025707
0.02886
0.056649
0.020959
0.077538
0.06806
0.058797
0.020166
0.088604
0.081188
0.056426
0.063825
0.024838
0.072493
0.027119
0.043577
0.068712
0.055329
0.05599
0.040294
0.077726
0.063345
0.056059
0.055886
0.024465
0.058944
0.038442
0.062658
0.070968
0.021277
0.021108
0.055873
0.039995
0.055238
0.074353
0.048651
0.024331
0.020604
0.041979
0.077225
0.053723
0.042287
0.159922
0.068883
0.06438
0.020524
0.076063
0.04672
0.053623
0.05965
0.048482
0.097381
0.064903
0.025235
0.02102
0.086133
0.068273
0.079103
0.078005
0.084499
0.053816
0.020318
0.079699
0.05859
0.082842
0.058885
0.073282
0.076986
0.020119
0.059603
0.036017
0.054965
0.050979
0.027697
0.091301
0.037959
0.079262
0.057683
0.059569
0.056637
0.037065
0.073656
0.161455
0.032051
0.023816
0.057168
0.07957
0.07224
0.064478
0.059708
0.084619
