0.0622816001333
0.06368320038
0.06226133369
0.06279360018
0.0655274667
0.06514133315
0.06417813251
0.06198613332
0.06252586667
0.0637898669967
0.0628927997067
0.0635264001833
0.07928106747
0.0635242668367
0.06333866642
0.0624373335367
0.0628522666733
0.0678122669433
0.0630090672633
0.103209599613
0.0988074664067
0.0659274667467
0.0845568002533
0.06357653339
0.0994720003267
0.09072853377
0.0633653337767
0.0625535999767
0.06996800017
0.0638623999967
0.0794698663067
0.0627786671167
0.10336640117
0.0637461329533
0.0664341336767
0.0655743997633
0.0642474665
0.0713781332
0.0628469331733
0.0945397343533
0.08791253232
0.0632202671167
0.0620074665733
0.06418453355
0.0627402664467
0.0641770667133
0.08994560069
0.0956074661267
0.0630144002567
0.0631541332833
0.0638752000967
0.0630261333067
0.0852597343467
0.0630719997
0.06316053309
0.06383253261
0.08943893376
0.06264426659
0.0629002666767
0.0642784000633
0.0637845329933
0.1074506664
0.0644650669067
0.0637386668567
0.06441813297
0.0635744003
0.0625685329233
0.0633055999867
0.06369279971
0.0781994666967
0.0628490667767
0.0629653338333
0.06311253359
0.0714165331267
0.06236480002
0.0626858667833
0.0636437336533
0.0637856002833
0.0648885332067
0.0784544011033
0.0635104001933
0.0631210667467
0.07041920002
0.0631392005867
0.0632874667633
0.0634101333667
0.06556693342
0.0639093335733
0.0637525334967
0.0919157337433
0.0641461327667
0.06661760037
0.0636938666233
0.06455466673
0.0642389334733
0.0655818663567
0.0643232004233
0.0760991994333
0.0658815999933
0.0629941336733
0.06702826657
0.0665514670267
0.0650090668267
0.06351360045
0.0821706673633
0.0643829332033
0.0629535997967
0.0629962666567
0.06377706664
0.0639744004733
0.0631413336867
0.0637258669967
0.0637493328467
0.0654656004233
0.0661909334367
0.0685653335133
0.0654367994533
0.06390613293
0.0629290672767
0.0629418663667
0.06248213326
0.0626975998133
0.0626528003633
0.0638378668633
0.0626890670533
0.0638474666967
0.0632021337733
0.06377599985
0.0643157329433
0.0624373337933
0.0636928000767
0.06313920021
0.0633525330567
0.06302933358
0.0628000002333
0.08627946737
0.0640821332767
0.0626752001567
0.06211413307
0.06338880001
0.0638634670433
0.06265493358
0.0634389339667
0.06344213312
0.06206293342
0.0649023998533
0.0634122664667
0.06349759971
0.0639274672933
0.06375360017
0.0637738666167
0.0735456003467
0.0637280001033
0.0638165334933
0.0645749340433
0.0647541332933
0.0661909331833
0.0648554666633
0.0647434672933
0.0805642665667
0.0631029335133
0.06265066651
0.0650271999333
0.0646538664967
0.0945034662933
0.0666335999933
0.06422613338
0.0646975999067
0.0637802669133
0.06376746658
0.0626506667633
0.0624842666133
0.0627167999767
0.0628650666433
0.0639583998733
0.0631968005233
0.0641237337233
0.0628650672667
0.0628170669133
0.0650506666667
0.0643936004567
0.06436373356
0.0950111996467
0.0738496004333
0.06248853344
0.0634368004967
0.08660479921
0.06454293368
0.0643978673933
0.06496426638
0.0639765332133
0.06304106688
0.0641482668567
0.0626560001333
0.0629887999333
0.0653440002333
0.0634933332567
0.0629162667933
0.0622218667233
0.0640458662067
0.0648746672967
0.07324266682
0.0636864001567
0.0630538666
0.0639637334967
0.0628458667467
0.0638805333567
0.0648725334567
0.0642570661933
0.0677887999833
0.0628341330867
0.0645791999967
0.0638026665967
0.0634442664733
0.0624693334133
0.0635680004933
0.0635168001067
0.0633749331033
0.0635338669067
0.0622176004033
0.0628533332267
0.06509973382
0.06554133371
0.0630602672733
0.0641728000233
0.0627114666
0.0634848001067
0.0641546666567
0.06332373333
0.0641258663067
0.06426559985
0.06526720015
0.06327573297
0.06306560002
0.0644000001167
0.0639605330867
0.06446506679
0.0633770668233
0.0642730669467
0.06691839994
0.06339093335
0.0645834665733
0.0622794667967
0.0652842669467
0.06434879974
0.0628373339867
0.0639456000133
0.0654037339
0.0668565332833
0.06574080028
0.0640842668667
0.0626143996833
0.0632970667233
0.06347093308
0.0633621331233
0.06843840008
0.0636917334033
0.0864671995233
0.06366080033
0.06451626668
0.06298773314
0.0630528005567
0.0641024003467
0.0651594671033
0.0637141333233
0.0630656003967
0.06502613326
0.06505920055
0.08798826585
0.06414186682
0.06308160001
0.0643072000433
0.0631168004133
0.0628320001
0.0634762667167
0.0631306670633
0.0629909331567
0.0648725332067
0.06333226736
0.0634815994667
0.06392960002
0.06379839989
0.0642303997
0.0629866667133
0.0874656004167
0.06463466685
0.0644160005
0.0646453329733
0.06419093349
0.06369066673
0.0638741336767
0.06362239992
0.06333333354
0.0663744002667
0.0641151999433
0.0637258667633
0.06378986711
0.0640288001533
0.0639797337333
0.0651071999267
0.0646666667133
0.0632565333233
0.0646005337533
0.0672671999833
0.0629173335867
0.0633418670567
0.06587093299
0.06322240022
0.06405439998
0.0639029333967
0.0669215999567
0.0627797334233
0.06373866672
0.06608213348
0.06360853264
0.0640800005467
0.0627712005167
0.0643488008567
0.0634303999533
0.06568533344
0.0646175999167
0.10760960032
0.0655669338967
0.0718431997933
0.0631754666567
0.0645493336033
0.0632032002033
0.06474026689
0.0632042665067
0.0665845333333
0.06263253341
0.0643125332867
0.06365439992
0.0636351997633
0.0632234670233
0.0637461334467
0.0645098668833
0.0864640008733
0.0632885334433
0.06474133308
0.0643722669533
0.06741760074
0.06359039992
0.06252160072
0.06654720084
0.06345599892
0.06656000016
0.06396159976
0.06162559914
0.0643264003
0.06332159862
0.0634559989
0.0646271989
0.06607999878
0.06408960072
0.0627008006
0.06198399962
0.06494079978
0.06241919996
0.0642367989
0.06476799994
0.0616895996
0.06499840024
0.0624064006
0.06308479906
0.0654144004
0.06420480014
0.06576639934
0.06615680084
0.06318079978
0.06306560116
0.06608000102
0.06186240094
0.06357120052
0.06352640016
0.0627456002
0.06766720118
0.06179839894
0.06425600052
0.06270719988
0.08103039938
0.0727168001
0.06418560074
0.0634432003
0.15880959332
0.06718080046
0.06382079944
0.06405120048
0.06349439992
0.06520320176
0.06533119976
0.0620736003
0.06812799946
0.06418559998
0.06413440182
0.06470399946
0.0624063991
0.06424959972
0.06817919984
0.12511359752
0.06426239908
0.06239359974
0.06396159828
0.06418559996
0.0617855996
0.06636800022
0.06238720118
0.06215040088
0.06452479956
0.06132480054
0.06522880122
0.06279680208
0.06163199992
0.06434560046
0.06271999926
0.06385279968
0.06392959954
0.06872959882
0.06293120014
0.06230399832
0.06204160078
0.06542080044
0.06455039978
0.0621696003
0.0687296003
0.06187520024
0.0664255999
0.06254720018
0.08415359856
0.06623359992
0.06252160074
0.06268159972
0.07227520048
0.0632704012
0.06867840142
0.062886402
0.06173440068
0.06352639796
0.06436479988
0.06254080086
0.06775680112
0.06215679944
0.0642560005
0.0664960012
0.06700799986
0.06912640034
0.06437759994
0.06417280064
0.06584960074
0.06206720024
0.06764800028
0.06439680012
0.06509439946
0.0650624007
0.06276480036
0.06283520012
0.06496639922
0.06209919974
0.0651776001
0.06414080038
0.06475519986
0.06691839992
0.06468480082
0.20049919784
0.0654911995
0.0652672
0.0731520012
0.06312320008
0.0634560004
0.10963840186
0.06752000078
0.06558720022
0.06551039966
0.06371840088
0.064384
0.06416639908
0.06256640106
0.06406400054
0.13274880052
0.06217599958
0.06448640078
0.06643840074
0.06449279934
0.06456319988
0.1869056046
0.06797440052
0.06288639978
0.0675776005
0.06600320042
0.06264320016
0.06626560168
0.06503040044
0.06383359954
0.07436799856
0.06360959858
0.0679232009
0.06621440054
0.06411520168
0.06629119962
0.06435200126
0.06558720022
0.06998400092
0.06528639944
0.06288639828
0.07019519954
0.0704640001
0.06965119988
0.06270720064
0.06457599998
0.06286720112
0.06622080058
0.06536960082
0.0666943997
0.06749440136
0.0746495992
0.06624640078
0.0652352013
0.06503680054
0.06458879858
0.0628864005
0.06231680138
0.06737280116
0.06627840026
0.06467839926
0.0622400008
0.06648320108
0.06547199936
0.06274559944
0.06451200024
0.06275200024
0.06311040072
0.06830079852
0.06426240056
0.06437119992
0.0630015999
0.06273280086
0.06440959872
0.06289280058
0.06376960128
0.06429439856
0.06270719988
0.06565120072
0.06369920076
0.06273280082
0.0655039996
0.06385919972
0.06449280232
0.06527359932
0.06288640054
0.0662656024
0.06837120056
0.06665600018
0.06595200002
0.0644863993
0.06334720104
0.06511360108
0.06257920116
0.06666880028
0.06263040004
0.06421120166
0.0662655987
0.06437120214
0.06421759874
0.06621440054
0.06465920062
0.06288639978
0.0680511996
0.06272
0.06553599984
0.0633279994
0.0627392009
0.06558079868
0.06318079976
0.06842239946
0.06323200164
0.06255999952
0.06445439906
0.06290559918
0.0660736002
0.06753920018
0.06321920008
0.06603519916
0.06943359972
0.06269439904
0.06653440148
0.06673920006
0.06563840136
0.06582400054
0.06488320082
0.06333439948
0.06490879954
0.0683904007
0.06761600076
0.06354560108
0.06591999904
0.06434559968
0.0654399991
0.0611456007
0.0617151998
0.0635264002
0.06940800026
0.06230399908
0.0625408001
0.06526720076
0.06625919938
0.06407679988
0.06439040154
0.06327039898
0.06319359988
0.06565760076
0.06366719976
0.06681599916
0.0636928007
0.0651200004
0.07207680046
0.06316800044
0.06615040004
0.0638783991
0.06417920068
0.06840960086
0.06382079796
0.06561279966
0.0665727988
0.06312959864
0.06336639972
0.06642559916
0.0640704006
0.06709119902
0.06709120048
0.06552960128
0.06609279812
0.06310399844
0.06448
0.06477439998
0.062752001
0.06420479936
0.06727679818
0.06780799924
0.0649344012
0.06428800076
0.0642816007
0.06567039936
0.06730239986
0.0654272005
0.06449920086
0.06247680114
0.07127680034
0.06592000126
0.06222719998
0.06908160002
0.06564479842
0.06504320056
0.06366079972
0.06437760068
0.07157759964
0.06392960176
0.06334080022
0.06671360132
0.06279040054
0.06440960018
0.06558719724
0.0683839999
0.06566400082
0.06671999844
0.06330879926
0.06458880154
0.06633599996
0.06370559932
0.06570879966
0.06283520012
0.06782080084
0.06330880076
0.0659135997
0.07024639996
0.06521600114
0.06339199916
0.06942079962
0.0625151992
0.06479999872
0.0642688006
0.06409600078
0.06526720078
0.06328960062
0.0628095992
0.20188799948
0.06412160024
0.06731519998
0.06505599916
0.0630400002
0.06547199934
0.06491520108
0.06378879994
0.06707840114
0.06643840074
0.063372799
0.07034879922
0.06306560114
0.06506240068
0.07116159946
0.06623360068
0.06534399986
0.06392959954
0.06295679958
0.0650879994
0.06362879876
0.06456320062
0.06437119988
0.06330880148
0.07037439942
0.06498559862
0.06275200096
0.06645760088
0.0662591994
0.06511359958
0.0678783998
0.06316799968
0.0700479999
0.06545280068
0.06311680152
0.06561919896
0.06311040072
0.0645120017
0.06680320054
0.06300799922
0.06916480064
0.067449601
0.0646720007
0.06598400028
0.06385279894
0.06383999886
0.06408960074
0.0629312001
0.06740479914
0.0650368005
0.0631040007
0.06762880086
0.06372480094
0.06335359886
0.0674495995
0.0631424017
0.06643840074
0.06538240162
0.06352639946
0.06693760006
0.0637695998
0.0648704007
0.06599040032
0.06455680134
0.06528000088
0.06751359998
0.06426879988
0.06995199916
0.06371839868
0.06494079978
0.0659199998
0.06504320054
0.06338559982
0.0654144004
0.06872960182
0.0658624008
0.06330239996
0.0630400002
0.06863359958
0.06551680116
0.0634815991
0.06592639984
0.06337280126
0.06627200098
0.06727680116
0.06307840048
0.07045760004
0.0633919999
0.06314240098
0.06405760052
0.06339839994
0.06307840052
0.06489599942
0.06354559958
0.06680320204
0.06912000032
0.0655359991
0.07112959922
0.06457599996
0.07096320092
0.07411839812
0.06435199974
0.06536960006
0.06428799928
0.06310400068
0.06734720172
0.06334079952
0.06355839968
0.06725760102
0.06322560086
0.0666112006
0.06396799982
0.06331519934
0.06538880022
0.06305280032
0.0650303982
0.0669696003
0.06796160042
0.06549120096
0.0637183994
0.06634240002
0.20203519614
0.06289920136
0.06569599954
0.06760320066
0.0625216
0.06653439924
0.06362240164
0.06613760072
0.0710400015
0.0660416007
0.0634048
0.06574720144
0.06314880102
0.06693120002
0.06560000032
0.0664192021
0.07055999936
0.06530560108
0.06488319932
0.06490240098
0.06791679856
0.0683776006
0.06556800006
0.06358400136
0.06600960048
0.06378239842
0.06424960046
0.06595200002
0.06345600038
0.06846719978
0.06462719812
0.06302080082
0.06829439848
0.06350080072
0.06328319906
0.06636160016
0.06368640214
0.06461440028
0.06622080058
0.06613120138
0.1158528015
0.06380800082
0.06457599996
0.06847359984
0.06500480026
0.06412799954
0.0657024011
0.06367359908
0.06755840034
0.06363520026
0.06362879872
0.06551039962
0.06306560114
0.06597120018
0.06734079868
0.06323200018
0.0690304011
0.06450559944
0.06305920108
0.06623999924
0.06325760186
0.06492160112
0.06853760034
0.06309120058
0.06529280022
0.06422400028
0.06364160032
0.06670079826
0.0640064001
0.06514560132
0.06764799952
0.06505599916
0.06428799926
0.06406400132
0.0630528018
0.0675391987
0.06714240014
0.06336640044
0.0672383994
0.06315519958
0.06565120072
0.06920320094
0.0628863983
0.06717440038
0.06652799996
0.06343680174
0.06591359824
0.06307840124
0.06797439754
0.06424960048
0.06308480132
0.07105920016
0.06357760134
0.06365440038
0.0669568017
0.06479999944
0.0661952004
0.06804480106
0.06682879926
0.06661760062
0.06615680006
0.06353920102
0.06714880018
0.06369279772
0.06568319944
0.06452480258
0.06529920104
0.06526720076
0.06518399864
0.06440960018
0.07043839992
0.06374399884
0.06386559904
0.07101440132
0.06481279952
0.06652160138
0.06787839978
0.06355199962
0.06697600038
0.06430079936
0.06369919928
0.06581120042
0.06428800226
0.06698239894
0.0645759985
0.06622720062
0.06634240002
0.06666880102
0.06719360054
0.06645120084
0.06460160016
0.06647679952
0.06457600148
0.0631359987
0.0659136012
0.06415360122
0.06396159976
0.06612479984
0.06891520172
0.06602240204
0.06384000034
0.06444800048
0.25345919432
0.06385280042
0.06321279854
0.0663168013
0.06328319984
0.0647487998
0.0664448008
0.06350079924
0.07105920166
0.06391040086
0.06394239962
0.0666560009
0.0653503999
0.06656000018
0.06663679928
0.06373119948
0.0670720011
0.0639807999
0.06478720156
0.0658559978
0.19930879918
0.06469759942
0.06632960138
0.06485759762
0.06832000018
0.08510720284
0.0651136011
0.0691584006
0.06560639888
0.06753280014
0.06933119894
0.0637055993
0.0697600007
0.06561920046
0.06381439866
0.07311999946
0.06425599902
0.06446719766
0.06605440078
0.06767999974
0.07027200014
0.0650879994
0.063731201
0.0684416011
0.06472960114
0.06603519914
0.06780800074
0.06536320002
0.06625280082
0.06586240008
0.06343040166
0.06761599928
0.06609919966
0.06818560062
0.06853760034
0.06350719854
0.0646720007
0.06725120096
0.06698240042
0.06643840074
0.0670080006
0.06348160056
0.06478720158
0.06639999894
0.06603519914
0.07043199988
0.06565759926
0.0686784014
0.06464000046
0.06718720048
0.06626559946
0.0640576005
0.06516479998
0.2052799955
0.06405120044
0.06915840062
0.06483840046
