0.0653503999
0.06901760102
0.0719743997
0.06861440092
0.07152639924
0.06963839832
0.07130240054
0.07539840042
0.07233919948
0.0733439997
0.07272319944
0.073516801
0.07607679964
0.0727488011
0.07432959974
0.0736064017
0.0724287987
0.0768064022
0.07477119862
0.0735295981
0.07862400114
0.074496001
0.07489279958
0.07379840164
0.07413759828
0.0742336005
0.07468799948
0.07235200106
0.07855999916
0.07300480006
0.07919359952
0.0751295999
0.07475840002
0.07632640004
0.0740479991
0.07428480088
0.08060799986
0.0744128004
0.07629439832
0.08234879972
0.07405439916
0.07654400172
0.07530239972
0.07541119902
0.07748479992
0.07613439858
0.07794560044
0.08336640148
0.07507200094
0.07451520116
0.07746559976
0.07372159958
0.07480960042
0.07697919906
0.07605119942
0.07614720016
0.07677440048
0.07505920084
0.07899519948
0.074035199
0.07594240156
0.07553279994
0.07512960134
0.07544959934
0.07839359938
0.0779136002
0.07950720192
0.07975040228
0.07936639934
0.08227199912
0.0767680004
0.07646080106
0.0814592004
0.07665280104
0.0795967996
0.0776128009
0.07803519816
0.07994879928
0.07713280024
0.07783039958
0.07896319924
0.07676160036
0.07901439964
0.08212479948
0.07645439952
0.07756800054
0.0777279988
0.07927680016
0.0789696008
0.07888000012
0.07740160076
0.08133119942
0.08021119982
0.08103680164
0.08281600028
0.07719039914
0.08015360088
0.08035199942
0.08022399992
0.08433919846
0.0793600008
0.08286720068
0.08299519866
0.07927039864
0.08812160196
0.08104959876
0.07920639962
0.0816959992
0.07952000052
0.08190720084
0.08026240022
0.08019839972
0.07953279912
0.08103680164
0.08250239938
0.08179839998
0.07938559948
0.08220799864
0.08056959958
0.07879040092
0.08517120034
0.08643200246
0.07949440032
0.08183680028
0.0796479985
0.07965440004
0.08254079966
0.07920000106
0.08808959872
0.0880127996
0.08609279992
0.08952320068
0.0883648008
0.08629760144
0.08977279962
0.09182719886
0.08793600052
0.0903039992
0.08742399962
0.08879360108
0.08756480068
0.0863935992
0.08840959966
0.08779520094
0.08647039978
0.08696320058
0.08782720118
0.09018240124
0.0867327988
0.08645120116
0.09175039978
0.08613760024
0.09062399864
0.0904895991
0.09254399834
0.08999039978
0.0899327993
0.08647040128
0.08903039994
0.08916480094
0.09219200016
0.09713279902
0.09155199974
0.09402240066
0.09201920032
0.09147520066
0.09343359918
0.09104640038
0.09105920046
0.09465600102
0.0914304003
0.09114879966
0.09333759844
0.09232639968
0.0947584018
0.09275519998
0.09379200042
0.10558080076
0.09139840006
0.09226880074
0.1022720024
0.09571840166
0.09397119878
0.09609600158
0.09192959964
0.09245440066
0.09299839884
0.09235839992
0.09326080082
0.09142400024
0.09505920112
0.0926399991
0.09751040044
0.09991040082
0.09815679938
0.09743359834
0.10073599966
0.09736959936
0.10275840162
0.10100479872
0.09774720072
0.09930240214
0.10607359858
0.10070399942
0.1008896008
0.09938559832
0.09931519926
0.09961599856
0.09967360198
0.10043519738
0.09788159878
0.10106880072
0.09974399952
0.13189759852
0.10465919972
0.10117119998
0.09912320076
0.10286080092
0.10033279956
0.11366399972
0.10100479872
0.09919359982
0.09973120092
0.09795839936
0.10246400088
0.10531199872
0.10786560028
0.10325759796
0.14766720084
0.10266880094
0.10407039818
0.10748160036
0.10258560034
0.10380160062
0.10734080078
0.10527999998
0.10584319978
0.1046080008
0.10980480164
0.10419199914
0.10236800016
0.10381440072
0.10300800054
0.10360959916
0.10581120104
0.10501759946
0.10363519936
0.1057024002
0.1043584004
0.10702080128
0.10524799826
0.10360319912
0.10454400032
0.10370559992
0.10325119942
0.10458880216
0.10960640014
0.11208319964
0.11405439972
0.11000320168
0.11354880036
0.11139199884
0.11225600092
0.11152000132
0.11140479892
0.11205760092
0.11479680088
0.1094848007
0.11276159882
0.11043200046
0.1127232015
0.12012799978
0.10997760148
0.11817599984
0.11402239798
0.10956800132
0.11188480108
0.11224319784
0.11079040172
0.11386239976
0.10977919996
0.1109824002
0.11328640132
0.11010559948
0.1132031992
0.11028479934
0.11043199894
0.11092479974
0.11798399688
0.13312640188
0.11719680132
0.11676160098
0.11966720224
0.11940479876
0.11870079936
0.11749759914
0.12514559926
0.12012159974
0.11700480132
0.12096640022
0.11863680034
0.12168319972
0.1192960009
0.11599999964
0.118067199
0.11734400094
0.12298240066
0.11793280094
0.11531520186
0.11737600268
0.118592
0.1159295991
0.1206400007
0.1158016011
0.11751679926
0.11813119948
0.11587200014
0.11788799914
0.11902720032
0.11564159988
0.12439039944
0.12195200024
0.12467840166
0.1278143987
0.1224255994
0.12366079988
0.12271359862
0.12062080056
0.12650240064
0.1224511996
0.1241856009
0.12435200066
0.12325760128
0.12266240122
0.12356479762
0.1210431993
0.12202240078
0.12444799988
0.12268160136
0.12344959826
0.12103680074
0.12411519734
0.12195200176
0.1218239993
0.12359040084
0.12118400038
0.1229760006
0.12565760316
0.121196799
0.12140160054
0.12526079864
0.1208512008
0.12968319954
0.12685440182
0.12588799894
0.12830079794
0.12747520208
0.12797439694
0.13039360046
0.12752000094
0.12834559978
0.12865279914
0.12677120268
0.13168640136
0.12774400116
0.12716799678
0.12888320086
0.12602880004
0.12900480032
0.1302783996
0.12659840582
0.13299840092
0.12824960052
0.12718079984
0.13137920202
0.1283455968
0.12892799974
0.13020160198
0.12643200456
0.12862080038
0.12679679988
0.12750719786
0.12913919984
0.12635519802
0.13833599984
0.1369471967
0.13420159818
0.1361919999
0.1342079997
0.1342848003
0.13823359908
0.13411200048
0.13725439906
0.13472639918
0.13434879782
0.13626879752
0.1371327996
0.13639680148
0.13927679956
0.13495680092
0.13620479702
0.13548800052
0.13464960158
0.13678719996
0.13593600094
0.13593600094
0.18245120048
0.13439359964
0.13636479974
0.13468799888
0.13539839984
0.13580799696
0.13944959938
0.13468160332
0.1368064016
0.13666560056
0.14059520366
0.13854719996
0.14026879966
0.1414463967
0.13870079816
0.13956480026
0.14126720132
0.13856640162
0.14108159838
0.14543359876
0.1399872005
0.14046079814
0.13934080004
0.1391615957
0.14346240462
0.13927040102
0.14414080084
0.13966079952
0.14003839792
0.14120320082
0.14098560214
0.13996799888
0.14199039936
0.13909759818
0.14292479756
0.1402240008
0.13925759794
0.14214400054
0.14186240138
0.13967360258
0.1416192025
0.13861760198
0.14589439928
0.15519359706
0.14426879882
0.14770559966
0.1483520001
0.1445440024
0.14931840002
0.14526079894
0.14721920192
0.14630399942
0.14513280392
0.14770560262
0.1467967987
0.14439040124
0.14682880044
0.14740480184
0.14902400372
0.14613760114
0.1459071994
0.14466559888
0.14902400078
0.14459519982
0.14844800236
0.1453504026
0.14517119824
0.15082879962
0.1465599984
0.14751360118
0.15353600086
0.14785920382
0.14768000246
0.15437439978
0.15879679918
0.1517695993
0.1511168003
0.15139199794
0.1503935963
0.14952320158
0.15416319966
0.28490880132
0.15252479912
0.15328640044
0.14976640046
0.1510656029
0.15089279712
0.15308159888
0.15254400074
0.15017600058
0.15041280392
0.1533888012
0.15151999592
0.15213439764
0.15580800176
0.15002239942
0.15166719852
0.14924159944
0.15851520002
0.15139839948
0.15109119714
0.15062399804
0.1508543998
0.14970879852
0.16080000102
0.1500352025
0.17366400062
0.17303679884
0.16877439918
0.16941440104
0.25193600658
0.1691584021
0.17464319764
0.17290240228
0.16916480066
0.17288320364
0.17031680048
0.16897280216
0.17182080148
0.16874880196
0.1712448001
0.16994560062
0.16910079718
0.17536000014
0.16944639982
0.1703616023
0.17136639656
0.1705599964
0.17358080148
0.16899200082
0.17743999958
0.1707903981
0.22317439914
0.16935679912
0.17125760318
0.16976000368
0.1709183991
0.17159039974
0.17617919746
0.17672960458
0.17607040108
0.18757760228
0.17886720002
0.17890559732
0.17806079984
0.1757440001
0.17702400088
0.17684479952
0.17502079906
0.1761343986
0.17735679744
0.17415679992
0.17852799894
0.17484799922
0.17470720112
0.17804799674
0.17516800166
0.17393280268
0.17775999904
0.17431040406
0.17645439804
0.17657600044
0.17509119808
0.17806079986
0.18976639508
0.17719680072
0.17717760204
0.17450240254
0.17526400088
0.17681920232
0.18485760092
0.18380799888
0.18131200074
0.18027520178
0.31756800414
0.18562560082
0.18441599906
0.1837695986
0.18173440098
0.1832703978
0.18343040048
0.1799104035
0.1836288005
0.18115199804
0.1822336018
0.19168000224
0.18052479924
0.17998079956
0.1857408017
0.18199039994
0.18232319952
0.1799360007
0.18035840094
0.181862396
0.18027519882
0.18236799838
0.18144000172
0.18054399788
0.18229120074
0.18141440152
0.19177599846
0.18099839986
0.18576000034
0.18844160138
0.18627839686
0.1846848011
0.18735360206
0.18548479972
0.18541439772
0.1882431984
0.18530559838
0.18798719942
0.1869120002
0.1860671997
0.18836480082
0.18686079978
0.26396800578
0.1863808006
0.18582399786
0.18611200152
0.1868607968
0.18613759876
0.1887424022
0.18567680122
0.18545919656
0.1891071975
0.18635519744
0.18694399894
0.18787839712
0.18611200154
0.18852479758
0.18490239978
0.19114879966
0.19913600088
0.1904895991
0.19210239948
0.1922111988
0.19164159896
0.1925760001
0.19471359848
0.1925119996
0.19327999948
0.19147520064
0.19386240246
0.19309439958
0.19226880074
0.1940991998
0.19133439958
0.19337599872
0.19392639994
0.1905407995
0.19260799588
0.19309439954
0.1902272016
0.19200640022
0.19443200232
0.19201280176
0.21671680214
0.1951488018
0.19205760062
0.19219839872
0.19038720132
0.19441920222
0.19137280286
0.19404799938
0.19346559942
0.19721599818
0.19599999786
0.19806079864
0.199417606
0.19745920002
0.19759999812
0.19601280094
0.3334144056
0.19816320242
0.19748480024
0.20063359738
0.19859200122
0.19606400134
0.19935360254
0.19635840058
0.20496639906
0.21402879954
0.19528320132
0.1986559987
0.37571201026
0.19708800018
0.19966720044
0.19629440012
0.19780480268
0.1986688018
0.197260803
0.25165440442
0.19581440092
0.19781759978
0.1977600008
0.1976895988
0.19926400188
0.202412799
0.20184319912
0.20617599784
0.20501760244
0.20464000108
0.2032512009
0.20131199656
0.20540800094
0.20344960092
0.20154240128
0.20471680162
0.20149759948
0.20264320076
0.21208960114
0.20133759676
0.21210879982
0.20254720154
0.20313600302
0.20427519976
0.20235520304
0.20339839758
0.20389759838
0.2023360014
0.20385279952
0.20223360062
0.20083199738
0.2094336003
0.20351999998
0.20158720018
0.20368639826
0.20509439706
0.2039040029
0.20883840024
0.20693119762
0.20974079968
0.20673279762
0.20751359762
0.20898560284
0.21165440082
0.2080447972
0.20948479772
0.20693120062
0.2090176016
0.20915839968
0.20826240184
0.20981119872
0.207507205
0.21365120114
0.20862719716
0.21057919862
0.20916480124
0.2087040007
0.2135040015
0.20779520272
0.20855680108
0.2064576
0.20883840026
0.2082047999
0.20895999968
0.20803200304
0.20702719986
0.2195456028
0.20760959982
0.20856959818
0.26847360134
0.2646143973
0.26497920154
0.26829439998
0.26464000344
0.27561599614
0.2629631996
0.26869120598
0.26444799306
0.26309119462
0.26440960168
0.26408959628
0.26588159802
0.26458239556
0.26782720686
0.26586880686
0.26801280378
0.26314880848
0.26573439838
0.26698880792
0.26341120004
0.26806400418
0.26729599836
0.26592640282
0.26631039974
0.26323199868
0.26525440216
0.26673919558
0.26285440326
0.26785919664
0.26519039872
0.26614398956
0.26910080316
0.27109119894
0.27144320012
0.27220479846
0.26739200354
0.27008639572
0.2712703943
0.26941440106
0.27207679748
0.267839998
0.27201919554
0.27131519914
0.26781440378
0.26916479468
0.26853759886
0.26840960384
0.27272960544
0.2683903992
0.2728511989
0.2712384045
0.3437503934
0.26970240474
0.27582719922
0.26854400632
0.27009279728
0.2681919992
0.27072640062
0.27073920368
0.27000960708
0.27202560308
0.26909440158
0.26767359974
0.27519999148
0.27480959892
0.27342720032
0.27702400088
0.2744000077
0.27912960052
0.27675519586
0.27310720684
0.28165759444
0.27357439994
0.27580800054
0.27777919768
0.27291519642
0.2748671949
0.27466240524
0.27351039646
0.2835455954
0.27319039702
0.33059840202
0.27750399708
0.28188160062
0.27580800058
0.28005119562
0.27832959892
0.27706879378
0.27843199372
0.2742080033
0.2752128005
0.27595519424
0.283820796
0.27615359426
0.27598720194
0.28041599988
0.28236799836
0.28479999302
0.28178560138
0.2850687921
0.27988479734
0.28665599824
0.28316799998
0.28027519584
0.28410239814
0.2829760015
0.30357120038
0.283436805
0.28046720026
0.286105603
0.28168960214
0.2833407998
0.28287359476
0.28159999846
0.28058239818
0.36316159966
0.2820735991
0.28275200724
0.2824256003
0.2805760026
0.28357759716
0.28314239976
0.28554880024
0.28741119504
0.28052479028
0.28631040454
0.28141440152
0.28864639998
0.28593280314
0.28544000388
0.28325120808
0.28704000116
0.28417920472
0.28558719756
0.28495360014
0.28336640596
0.33979520202
0.28471679688
0.28374400138
0.28804480434
0.28803200124
0.28469759822
0.28840319512
0.2843840003
0.28765439984
0.28566399814
0.2881024003
0.2893312037
0.28721280098
0.28561920526
0.28708480596
0.2896127999
0.2870208025
0.28872959614
0.28537599444
0.28851199744
0.28939520122
0.28614399434
0.2882815957
0.29319040176
0.29126399754
0.3012735963
0.29061120152
0.3689152062
0.29525120256
0.29054079652
0.29423360228
0.29246079326
0.29205120204
0.2942207992
0.29153920412
0.29598720074
0.29239039422
0.29265919924
0.2955648005
0.30049280526
0.29519360066
0.29280000328
0.29072640536
0.29613440634
0.2926527977
0.2933632016
0.29448959826
0.29219200014
0.29987840056
0.3011904001
0.2924031973
0.29332479832
0.29228159786
0.29206399916
0.29383679628
0.43240320088
0.30053120254
0.30036480428
0.29591680168
0.29847680332
0.2973440051
0.29812480212
0.29753600358
0.29887360334
0.29756799936
0.2991424024
0.29653759598
0.29926399588
0.29694080354
0.29631360172
0.30271359086
0.29935359954
0.30548480154
0.2990975976
0.29739519954
0.30069759488
0.30237439874
0.29955840108
0.30138880016
0.30021760466
0.29717760086
0.30160000326
0.2974527955
0.29939840436
0.3016831994
0.29804800152
0.3099647939
0.30603520272
0.30228480102
0.30626559854
0.30728960634
0.31227519512
0.30766080022
0.3039296031
0.3053824067
0.30335359574
0.30686720612
0.30538240074
0.30368641018
0.30337279438
0.30688640476
0.35410559774
0.30680959226
0.30668799878
0.30391679408
0.30527360438
0.30405760406
0.30759679676
0.32357119918
0.30552319882
0.3057792008
0.3054080069
0.303334409
0.31098880172
0.30419200064
0.3086463928
0.35502719878
0.3040064037
0.310700804
