0.0197152
0.0204458666667
0.0200608
0.0194858666667
0.0198112
0.02064
0.02008
0.023216
0.0202218666667
0.0197888
0.022432
0.0198293333333
0.020704
0.0210026666667
0.0220650666667
0.0213290666667
0.0198538666667
0.0200352
0.0210122666667
0.0217397333333
0.0198378666667
0.020672
0.0221290666667
0.0215402666667
0.0196074666667
0.0203904
0.0211509333333
0.0216746666667
0.0201792
0.0206901333333
0.0207797333333
0.0217866666667
0.0208032
0.0202912
0.0213333333333
0.0260992
0.0198986666667
0.0207253333333
0.0203317333333
0.0223658666667
0.0203317333333
0.0213909333333
0.021264
0.0220010666667
0.0211637333333
0.0207925333333
0.0215061333333
0.0202528
0.0222208
0.0233056
0.0209344
0.0222666666667
0.0218794666667
0.0209568
0.0225002666667
0.0206506666667
0.0249898666667
0.0206421333333
0.0227306666667
0.0233696
0.0200618666667
0.0206517333333
0.0222346666667
0.0206592
0.0232970666667
0.0213162666667
0.0215328
0.0215242666667
0.020976
0.0230954666667
0.0219989333333
0.0216618666667
0.0258826666667
0.0231466666667
0.0234368
0.0230016
0.0227701333333
0.0219477333333
0.0221482666667
0.0232608
0.0227648
0.0201909333333
0.0217717333333
0.0217770666667
0.0207349333333
0.0206656
0.0217557333333
0.0226666666667
0.0222485333333
0.0214325333333
0.0225056
0.0212074666667
0.0218848
0.0213461333333
0.0231594666667
0.0219914666667
0.0219221333333
0.0221248
0.0224288
0.0214528
0.0237557333333
0.0219456
0.0237866666667
0.0211029333333
0.0213493333333
0.0218837333333
0.0211178666667
0.0217056
0.0213077333333
0.0240672
0.0220298666667
0.0210912
0.0218250666667
0.0212085333333
0.0217429333333
0.0214485333333
0.0214602666667
0.0249973333333
0.0218314666667
0.0212906666667
0.0220512
0.0209941333333
0.0217973333333
0.0234688
0.0220789333333
0.0224032
0.0219765333333
0.0225258666667
0.0215104
0.0220906666667
0.021328
0.0222176
0.0215776
0.0212469333333
0.0220885333333
0.0218965333333
0.0221365333333
0.0223861333333
0.0225482666667
0.0229216
0.0224906666667
0.0226645333333
0.0216288
0.0219413333333
0.0219712
0.0218762666667
0.0216821333333
0.0220789333333
0.0250741333333
0.0223210666667
0.0215658666667
0.0212565333333
0.0211786666667
0.0219136
0.0245728
0.0232682666667
0.0245461333333
0.0226133333333
0.0224
0.0250581333333
0.0223349333333
0.0229525333333
0.0221002666667
0.0220661333333
0.0230282666667
0.0219392
0.0235914666667
0.023424
0.0230176
0.0222154666667
0.0236042666667
0.0224469333333
0.0221322666667
0.0222272
0.0220074666667
0.0221685333333
0.0221557333333
0.0232650666667
0.0228
0.0223765333333
0.0219690666667
0.0233514666667
0.0233152
0.0222698666667
0.0249248
0.0224778666667
0.0229845333333
0.0239392
0.0225664
0.023424
0.0243626666667
0.0223872
0.0228522666667
0.0243104
0.0240469333333
0.0231573333333
0.0229184
0.026672
0.023936
0.0230730666667
0.0229269333333
0.0237802666667
0.0228533333333
0.0226912
0.0224842666667
0.0229728
0.0259626666667
0.0232362666667
0.0227946666667
0.0231402666667
0.0232341333333
0.0244074666667
0.0228128
0.0249909333333
0.0241461333333
0.02216
0.0242410666667
0.0225312
0.0238858666667
0.0234581333333
0.0231082666667
0.0264565333333
0.0249216
0.0252608
0.0229568
0.0231925333333
0.0230538666667
0.0258954666667
0.0234314666667
0.0254336
0.0232245333333
0.0236
0.0229141333333
0.0248277333333
0.0237536
0.0224330666667
0.0233866666667
0.0230122666667
0.0238261333333
0.0233248
0.0228245333333
0.0232032
0.0241621333333
0.0232149333333
0.0247626666667
0.0226496
0.0262048
0.0229557333333
0.0230058666667
0.023568
0.023488
0.0239712
0.0237056
0.0241557333333
0.0249664
0.0244256
0.0235914666667
0.0236832
0.0230229333333
0.0248992
0.0246826666667
0.0234410666667
0.0262058666667
0.0242336
0.0238218666667
0.0238058666667
0.0252330666667
0.0260032
0.024368
0.0251146666667
0.0249024
0.0238058666667
0.0251637333333
0.0254997333333
0.023728
0.0240298666667
0.024384
0.0248608
0.0240181333333
0.0252256
0.0268501333333
0.0239605333333
0.0249450666667
0.0237493333333
0.0261525333333
0.0248512
0.0239114666667
0.0235936
0.0252085333333
0.0252085333333
0.0254688
0.023632
0.0249408
0.0242037333333
0.0245568
0.0244309333333
0.023968
0.0238848
0.0245802666667
0.0250592
0.0245781333333
0.0250122666667
0.0243306666667
0.0250197333333
0.0240010666667
0.0253621333333
0.0274581333333
0.0244778666667
0.0244128
0.0256736
0.02464
0.0243488
0.0245514666667
0.0253845333333
0.0250762666667
0.0251029333333
0.0241770666667
0.0242709333333
0.0250677333333
0.0245344
0.0249354666667
0.0260106666667
0.024912
0.0261546666667
0.0244266666667
0.0250634666667
0.0254496
0.0254101333333
0.0250496
0.0247509333333
0.0250528
0.0276576
0.0243509333333
0.0266730666667
0.0261461333333
0.0257856
0.0248842666667
0.0257632
0.0247562666667
0.02544
0.0244938666667
0.0252682666667
0.0255850666667
0.0242410666667
0.0254762666667
0.0250325333333
0.0247829333333
0.0249866666667
0.0259456
0.0272362666667
0.0278986666667
0.0258656
0.0250901333333
0.0257088
0.0273301333333
0.0256245333333
0.0259029333333
0.024496
0.0245472
0.0275008
0.0248704
0.0256426666667
0.0270357333333
0.0252192
0.0256128
0.0255424
0.0251274666667
0.0245504
0.0247872
0.0260117333333
0.0250336
0.0251573333333
0.0254176
0.0255104
0.0279818666667
0.0258656
0.0256416
0.0265269333333
0.0273749333333
0.0269141333333
0.0257205333333
0.0275296
0.0250890666667
0.0254517333333
0.0264106666667
0.0271381333333
0.0269514666667
0.0254730666667
0.0253994666667
0.0257429333333
0.026016
0.0258730666667
0.0257856
0.0258144
0.0267104
0.0259765333333
0.0261365333333
0.0259808
0.0277557333333
0.0260565333333
0.0281077333333
0.0265216
0.0260725333333
0.0266848
0.0255498666667
0.0260725333333
0.0261845333333
0.0256405333333
0.025712
0.02568
0.0265333333333
0.027056
0.0250901333333
0.026608
0.0261461333333
0.0284853333333
0.0284757333333
0.026128
0.0259946666667
0.0264064
0.0253909333333
0.0268202666667
0.0263253333333
0.0286250666667
0.0260032
0.0272021333333
0.0262005333333
0.0262016
0.0291946666667
0.0258154666667
0.0270496
0.0266538666667
0.0257504
0.0267381333333
0.0283029333333
0.0269738666667
0.0257013333333
0.0261781333333
0.0274645333333
0.0280277333333
0.0295029333333
0.0278325333333
0.0259136
0.0267029333333
0.0291786666667
0.0271072
0.0261941333333
0.0267882666667
0.0265376
0.0269077333333
0.0268309333333
0.0280394666667
0.0284288
0.0287157333333
0.0277088
0.0263029333333
0.0266666666667
0.0280842666667
0.0265866666667
0.0273962666667
0.0267210666667
0.0263594666667
0.0262581333333
0.0270773333333
0.0269749333333
0.0284021333333
0.0266261333333
0.0271541333333
0.027024
0.0271722666667
0.0295189333333
0.0282314666667
0.0277173333333
0.0285248
0.0277962666667
0.0268277333333
0.0272512
0.0279562666667
0.0277536
0.0277173333333
0.02672
0.0277696
0.0278282666667
0.0270837333333
0.0274997333333
0.0282805333333
0.0275104
0.0264213333333
0.0283157333333
0.0292533333333
0.0290112
0.0291136
0.0277952
0.0287381333333
0.0280224
0.0267328
0.0287402666667
0.0267573333333
0.0270549333333
0.0273397333333
0.0266144
0.0267957333333
0.0280661333333
0.0273098666667
0.0273973333333
0.0266848
0.0271381333333
0.0278144
0.0281386666667
0.0306890666667
0.0270218666667
0.026752
0.0288896
0.0273770666667
0.0283061333333
0.0275797333333
0.0272117333333
0.0272149333333
0.0274805333333
0.0277546666667
0.0275957333333
0.0276725333333
0.0277301333333
0.0278613333333
0.0289386666667
0.027424
0.0282261333333
0.0286965333333
0.0278752
0.0271306666667
0.0286688
0.0275104
0.0275146666667
0.027136
0.0275285333333
0.0292746666667
0.0283125333333
0.0274581333333
0.027776
0.0271477333333
0.0274336
0.0279456
0.0274186666667
0.0290314666667
0.0288544
0.0284597333333
0.0309344
0.0286442666667
0.0290517333333
0.0302826666667
0.0297845333333
0.0278122666667
0.0291616
0.0297024
0.0281514666667
0.0299872
0.0291818666667
0.0282549333333
0.0289845333333
0.0285173333333
0.0280650666667
0.0287210666667
0.0273482666667
0.0286208
0.0290272
0.0285834666667
0.0310869333333
0.0280810666667
0.0288458666667
0.0282186666667
0.0314026666667
0.0283392
0.0276224
0.0282474666667
0.0293493333333
0.0322272
0.0278869333333
0.0285418666667
0.0289536
0.0280213333333
0.0285290666667
0.0285248
0.0300394666667
0.0280469333333
0.0302005333333
0.0303808
0.0311882666667
0.0298208
0.0283466666667
0.0314677333333
0.0292810666667
0.0284842666667
0.0292213333333
0.0293845333333
0.0291210666667
0.0293088
0.0292928
0.0292234666667
0.0306421333333
0.0292384
0.0299648
0.0288885333333
0.0288085333333
0.0293930666667
0.0298474666667
0.0316864
0.0288682666667
0.0295797333333
0.0292394666667
0.0302165333333
0.0303573333333
0.0294282666667
0.0298112
0.0306773333333
0.0297664
0.0304032
0.0319157333333
0.0289546666667
0.0297344
0.0295338666667
0.0293845333333
0.0292970666667
0.0291722666667
0.029088
0.0318602666667
0.0301482666667
0.0296021333333
0.0289845333333
0.0290666666667
0.0292181333333
0.0316736
0.0294144
0.0298421333333
0.0294122666667
0.0292832
0.0311818666667
0.0297994666667
0.0305866666667
0.0297077333333
0.0297194666667
0.0302026666667
0.0314997333333
0.0299754666667
0.0344810666667
0.0296448
0.0293504
0.0330656
0.0325301333333
0.0298976
0.0308074666667
0.0292437333333
0.0300896
0.0300192
0.0304384
0.0306901333333
0.0295157333333
0.0297312
0.0300565333333
0.0299253333333
0.0304437333333
0.0307029333333
0.0298538666667
0.0299221333333
0.0296330666667
0.0290709333333
0.0350997333333
0.0316768
0.0301909333333
0.0313568
0.0296821333333
0.0308053333333
0.0301258666667
0.0307136
0.0311626666667
0.0335210666667
0.0303264
0.0306794666667
0.0301866666667
0.0296704
0.0298730666667
0.0305706666667
0.0314954666667
0.0302368
0.0300096
0.0319370666667
0.0306890666667
0.0298826666667
0.0307242666667
0.0298965333333
0.0305322666667
0.0322048
0.0299637333333
0.0314976
0.0303157333333
0.0324448
0.0315552
0.0294037333333
0.0315424
0.0312736
0.0326826666667
0.0314773333333
0.0301386666667
0.0313045333333
0.0324
0.0306549333333
0.033472
0.0302858666667
0.0329568
0.0318997333333
0.0328522666667
0.0325866666667
0.0306741333333
0.0314144
0.0311488
0.0313173333333
0.0308682666667
0.0311594666667
0.0312725333333
0.0315392
0.0313098666667
0.0303136
0.030608
0.0313002666667
0.0309578666667
0.0304704
0.0305301333333
0.0309269333333
0.0305557333333
0.0315178666667
0.0304352
0.0318293333333
0.0325098666667
0.0315957333333
0.0307402666667
0.0338346666667
0.0305205333333
0.0308917333333
0.0307605333333
0.0314858666667
0.0315221333333
0.0324554666667
0.0315584
0.0308682666667
0.0322432
0.0307754666667
0.0316245333333
0.0314816
0.0314986666667
0.0320021333333
0.0328917333333
0.0311712
0.0305952
0.0311872
0.0310069333333
0.0308885333333
0.0319797333333
0.0316010666667
0.0317034666667
0.0322624
0.031808
0.0357312
0.0324149333333
0.0311616
0.0320138666667
0.0330976
0.0327605333333
0.0330624
0.0321322666667
0.0308277333333
0.0311754666667
0.0313056
0.0320992
0.0311978666667
0.0316448
0.0315104
0.0319157333333
0.0310517333333
0.0310944
0.0318485333333
0.0323957333333
0.0311296
0.0328885333333
0.0321610666667
0.0314016
0.0314688
0.0318293333333
0.0317098666667
0.0321162666667
0.0322432
0.0326944
0.0319968
0.0320309333333
0.0312277333333
0.0329141333333
0.0330858666667
0.032256
0.0326901333333
0.0336053333333
0.0329504
0.0307616
0.0318976
0.0343093333333
0.0321888
0.0335082666667
0.0340949333333
0.0318005333333
0.0328501333333
0.0319157333333
0.0344010666667
0.0328746666667
0.0350997333333
0.0327029333333
0.0321269333333
0.0319466666667
0.0317770666667
0.0315477333333
0.0312469333333
0.0316085333333
0.0316458666667
0.0321685333333
0.031264
0.0314442666667
0.0317994666667
0.0315392
0.0325226666667
0.033456
0.0330250666667
0.0329194666667
0.032624
0.0334570666667
0.0345034666667
0.0327765333333
0.0330997333333
0.0332992
0.0341642666667
0.0321098666667
0.0337994666667
0.0341216
0.0329952
0.0326272
0.0325472
0.0333173333333
0.0326816
0.0325632
0.0335072
0.0324810666667
0.0332288
0.0324213333333
0.0343744
0.0325034666667
0.0322688
0.0327381333333
0.0324032
0.0333461333333
0.0330058666667
0.0349077333333
0.0334165333333
0.0350624
0.0328192
0.0332938666667
0.0337376
0.0334816
0.0344661333333
0.0319381333333
0.0322976
0.0328490666667
0.0326613333333
0.0337226666667
0.0356096
0.0339274666667
0.0339744
0.0356650666667
0.0353066666667
0.0330314666667
0.033744
0.0341205333333
0.0331562666667
0.0330592
0.0340032
0.0348
0.0331018666667
0.0337344
0.0337845333333
0.0342506666667
0.0345845333333
0.0333216
0.0339989333333
0.0335914666667
0.0341973333333
0.0333888
0.0338848
0.0332085333333
0.034544
0.0360341333333
0.0350794666667
0.0331989333333
0.0347786666667
0.0337930666667
0.0332906666667
0.0341728
0.0331872
0.0352672
0.033952
0.0335701333333
0.0335658666667
0.0345376
0.0354421333333
0.0362752
0.0329077333333
0.0344778666667
0.0361216
0.0333066666667
0.0337269333333
0.0355392
0.0333888
0.03432
0.0343136
0.0335050666667
0.0336405333333
0.0343658666667
0.0335189333333
0.0345749333333
0.0371882666667
0.0341909333333
0.0351872
0.0352
0.0366592
0.0336586666667
0.0344768
0.0350528
0.0348330666667
0.0344384
0.0340672
0.0350133333333
0.0361333333333
0.0337856
0.0360906666667
0.0342656
0.0358272
0.0341024
0.0358634666667
0.0349984
0.0342496
0.0349930666667
0.0359413333333
0.0342933333333
0.0370528
0.0342805333333
0.0335872
0.0352352
0.0344341333333
0.0354496
0.0347594666667
0.0344437333333
0.0368256
0.0342229333333
0.0348373333333
0.0349824
0.0351392
0.0367136
0.0357365333333
0.0347434666667
0.0343392
0.0349674666667
0.0356586666667
0.0353813333333
0.0355690666667
0.0343104
0.0344
0.0359178666667
0.0394165333333
0.0361514666667
0.0343584
0.0352842666667
0.0347712
0.0349568
0.0352266666667
0.0368053333333
0.0348757333333
0.0357376
0.0351370666667
0.0359349333333
0.0346186666667
0.0364394666667
0.0350485333333
0.0347413333333
0.0360309333333
0.0351637333333
0.0366890666667
0.0362944
0.0357952
0.036528
0.0350709333333
0.0380181333333
0.0342677333333
0.0356501333333
0.0378058666667
0.0354912
0.0362773333333
0.0358848
0.0396010666667
0.0359765333333
0.0363797333333
0.0353952
0.0376992
0.038192
0.0357162666667
0.0352181333333
0.0354048
0.0360021333333
0.0397792
0.0356138666667
0.0396704
0.0357397333333
0.0373653333333
0.0352970666667
0.035984
0.0367925333333
0.0366016
0.0360981333333
0.0378048
0.0368938666667
0.0377322666667
0.0359029333333
