0.0190506666667
0.012352
0.0138026666667
0.012512
0.012352
0.01456
0.0276693333333
0.0138773333333
0.0125653333333
0.0139093333333
0.0141546666667
0.0124586666667
0.0141333333333
0.012544
0.0129493333333
0.013792
0.0126826666667
0.0127146666667
0.0128213333333
0.0156693333333
0.014112
0.014048
0.0127466666667
0.0154666666667
0.012864
0.014464
0.0129066666667
0.0133013333333
0.015072
0.01424
0.014496
0.014048
0.0151146666667
0.012864
0.0142293333333
0.015872
0.0145173333333
0.014496
0.0131626666667
0.0142826666667
0.012864
0.014368
0.0166933333333
0.015456
0.0145173333333
0.015904
0.0133013333333
0.014368
0.013088
0.0144106666667
0.0129386666667
0.0130026666667
0.0160106666667
0.01616
0.0161066666667
0.0146986666667
0.0134293333333
0.0147306666667
0.0133866666667
0.01296
0.0147093333333
0.0133546666667
0.0149866666667
0.0130453333333
0.014816
0.0132693333333
0.013024
0.0160426666667
0.016032
0.0164906666667
0.0154026666667
0.014592
0.0148693333333
0.0149226666667
0.015296
0.0163413333333
0.0166613333333
0.0149226666667
0.0136
0.014976
0.014336
0.014784
0.0301013333333
0.0149546666667
0.014848
0.0148586666667
0.01664
0.0174506666667
0.01504
0.0165546666667
0.0166293333333
0.0154026666667
0.0137066666667
0.0150186666667
0.016704
0.016192
0.0152426666667
0.015104
0.0152
0.0156586666667
0.0135466666667
0.0138453333333
0.0139626666667
0.016672
0.0152
0.015264
0.0155306666667
0.015328
0.0167253333333
0.0136533333333
0.0155413333333
0.0136746666667
0.015136
0.0138026666667
0.0139946666667
0.0147946666667
0.0141653333333
0.0137813333333
0.0139093333333
0.0150613333333
0.015712
0.0138026666667
0.0142186666667
0.013728
0.016512
0.01376
0.0142186666667
0.0151146666667
0.0159573333333
0.01424
0.014048
0.0290346666667
0.0140586666667
0.0140053333333
0.0141653333333
0.0155093333333
0.0157653333333
0.0158613333333
0.0173546666667
0.0144426666667
0.0156373333333
0.0162986666667
0.0142186666667
0.013792
0.0140053333333
0.0140906666667
0.01552
0.015776
0.01408
0.0139946666667
0.0159893333333
0.0170133333333
0.01712
0.0170453333333
0.0143786666667
0.0156053333333
0.0144
0.0144213333333
0.0173973333333
0.0140373333333
0.0175573333333
0.0161066666667
0.0162773333333
0.0167893333333
0.0143146666667
0.0158186666667
0.0177706666667
0.0156693333333
0.0159893333333
0.0175253333333
0.0160853333333
0.015968
0.0173653333333
0.0173866666667
0.016928
0.0144
0.0159146666667
0.0181333333333
0.017536
0.0157973333333
0.0145386666667
0.0145706666667
0.0161386666667
0.0146773333333
0.0176746666667
0.0173546666667
0.014976
0.0162773333333
0.0175146666667
0.0173546666667
0.016352
0.01424
0.01472
0.0165226666667
0.0159893333333
0.0160746666667
0.0145706666667
0.0144533333333
0.0162666666667
0.0165973333333
0.016672
0.0161493333333
0.016448
0.0162026666667
0.0151253333333
0.0151573333333
0.01504
0.016128
0.0149333333333
0.014688
0.0147306666667
0.0166186666667
0.01632
0.01472
0.0164586666667
0.0163733333333
0.0328853333333
0.0178986666667
0.015168
0.0164053333333
0.0164906666667
0.0167786666667
0.0152533333333
0.0148906666667
0.0153706666667
0.0166933333333
0.0167146666667
0.014976
0.0149653333333
0.0169066666667
0.0152853333333
0.016384
0.0150933333333
0.0150506666667
0.0169386666667
0.0166613333333
0.0164373333333
0.0166613333333
0.018432
0.016832
0.0155093333333
0.0151893333333
0.0166826666667
0.016608
0.015104
0.018112
0.015488
0.0163413333333
0.0152853333333
0.0166933333333
0.0169813333333
0.0151573333333
0.0157866666667
0.0154133333333
0.0181013333333
0.0166506666667
0.0168533333333
0.0156586666667
0.0176213333333
0.0171626666667
0.0183573333333
0.0168533333333
0.0157013333333
0.0167786666667
0.0170453333333
0.0167573333333
0.0157866666667
0.0168853333333
0.0192
0.0169386666667
0.0172053333333
0.016928
0.0153813333333
0.0170133333333
0.017728
0.0154453333333
0.0156266666667
0.015776
0.016448
0.0169173333333
0.0160426666667
0.0176746666667
0.0159253333333
0.0157333333333
0.0174933333333
0.015648
0.0172586666667
0.0333653333333
0.0161706666667
0.0158826666667
0.0171306666667
0.016896
0.016256
0.0155946666667
0.0160853333333
0.0172266666667
0.017312
0.0175786666667
0.01616
0.0173866666667
0.0174293333333
0.0189973333333
0.0192533333333
0.0170773333333
0.0173333333333
0.0175786666667
0.0159146666667
0.0159466666667
0.0159253333333
0.0162346666667
0.0167893333333
0.0309653333333
0.0176533333333
0.017568
0.017888
0.0161386666667
0.016416
0.0161066666667
0.0197866666667
0.0158613333333
0.0203946666667
0.0178346666667
0.018976
0.0160426666667
0.0165866666667
0.016032
0.0163413333333
0.0175146666667
0.01952
0.01616
0.018048
0.0177386666667
0.0178453333333
0.016288
0.0222506666667
0.0161173333333
0.016256
0.0185706666667
0.0194986666667
0.0160746666667
0.019168
0.017728
0.0167466666667
0.019072
0.016384
0.0171946666667
0.0178666666667
0.0178453333333
0.019328
0.018336
0.0187413333333
0.0191146666667
0.01856
0.0190293333333
0.018112
0.01728
0.0194026666667
0.0169386666667
0.0167893333333
0.0166933333333
0.0165653333333
0.0196266666667
0.0168213333333
0.0185493333333
0.0181653333333
0.0180906666667
0.018304
0.0180906666667
0.016672
0.0179626666667
0.018336
0.0181866666667
0.0195413333333
0.0180053333333
0.0169066666667
0.0167146666667
0.0182186666667
0.0184213333333
0.0170453333333
0.0175466666667
0.016736
0.0168426666667
0.0168106666667
0.0167466666667
0.0184426666667
0.0169173333333
0.0170986666667
0.0167146666667
0.018752
0.0165866666667
0.018624
0.0199786666667
0.0184213333333
0.019584
0.0200533333333
0.0196906666667
0.0201173333333
0.020224
0.0184746666667
0.0169173333333
0.018464
0.017472
0.0336533333333
0.0176426666667
0.0169386666667
0.01856
0.017216
0.019904
0.0199893333333
0.01728
0.017408
0.017376
0.0203733333333
0.0200213333333
0.0204266666667
0.019872
0.0173226666667
0.0172693333333
0.0201493333333
0.0187306666667
0.0174506666667
0.017312
0.018944
0.01872
0.0173333333333
0.0187733333333
0.0187626666667
0.0176746666667
0.0180906666667
0.0204266666667
0.0176746666667
0.0174826666667
0.0182186666667
0.0174186666667
0.017376
0.017248
0.0188373333333
0.019136
0.0175146666667
0.01872
0.0187946666667
0.0189653333333
0.01968
0.0203306666667
0.019168
0.018848
0.0184426666667
0.0214933333333
0.017472
0.0188906666667
0.0179946666667
0.0175146666667
0.0207786666667
0.019904
0.0198826666667
0.0187306666667
0.0178773333333
0.017856
0.01808
0.017632
0.0204053333333
0.0179946666667
0.0183893333333
0.0209066666667
0.0193386666667
0.017568
0.0190186666667
0.018976
0.0175466666667
0.0190826666667
0.0182186666667
0.0178346666667
0.0207253333333
0.0180693333333
0.0202453333333
0.0196586666667
0.0195626666667
0.0199786666667
0.019424
0.0189013333333
0.021024
0.017888
0.0181333333333
0.0186026666667
0.0182826666667
0.0181333333333
0.0211306666667
0.0179413333333
0.019712
0.021056
0.01968
0.019936
0.0179626666667
0.018688
0.0200853333333
0.0217706666667
0.0206826666667
0.0193386666667
0.019808
0.019488
0.0200853333333
0.0190613333333
0.018688
0.0199893333333
0.0197226666667
0.0198186666667
0.0184533333333
0.0183466666667
0.0184853333333
0.0181546666667
0.0216426666667
0.019232
0.0205333333333
0.0182826666667
0.021632
0.0183146666667
0.0197013333333
0.018272
0.0188373333333
0.0196586666667
0.0212906666667
0.0202026666667
0.021728
0.020864
0.0199893333333
0.0199253333333
0.019968
0.0211306666667
0.0187413333333
0.0185066666667
0.0186666666667
0.019808
0.021376
0.0195093333333
0.0185813333333
0.018432
0.018656
0.0198826666667
0.021504
0.0185493333333
0.0195306666667
0.018944
0.0189866666667
0.0196586666667
0.018688
0.018784
0.0179306666667
0.0201386666667
0.0200746666667
0.0199893333333
0.0187946666667
0.018752
0.022432
0.020192
0.020544
0.020128
0.0187626666667
0.0189866666667
0.0188266666667
0.0184853333333
0.0208426666667
0.020928
0.02032
0.0201066666667
0.0219946666667
0.0202773333333
0.020832
0.02016
0.0210666666667
0.0202346666667
0.020736
0.019296
0.0209813333333
0.0207253333333
0.0206506666667
0.020032
0.018976
0.019104
0.022048
0.0203413333333
0.02192
0.0189866666667
0.0223466666667
0.0219413333333
0.0211306666667
0.019008
0.0235413333333
0.0193386666667
0.019264
0.0206506666667
0.020864
0.019072
0.0192533333333
0.021792
0.0205866666667
0.019072
0.0193813333333
0.0190826666667
0.019808
0.019104
0.031488
0.0191146666667
0.0270613333333
0.020704
0.0195626666667
0.0214506666667
0.0208213333333
0.019392
0.0210026666667
0.0213013333333
0.0195093333333
0.0193493333333
0.020992
0.019936
0.0213546666667
0.0199786666667
0.0204906666667
0.0207893333333
0.020448
0.0203306666667
0.0203306666667
0.02096
0.0203093333333
0.0193493333333
0.0216533333333
0.027648
0.0200213333333
0.0193706666667
0.020864
0.0194773333333
0.0231786666667
0.0195626666667
0.0196373333333
0.0206506666667
0.0204693333333
0.0196906666667
0.0200426666667
0.0214826666667
0.0229653333333
0.0191893333333
0.022976
0.019776
0.0201066666667
0.0226773333333
0.0213546666667
0.0214186666667
0.0216533333333
0.0210346666667
0.02128
0.0217173333333
0.0216213333333
0.020384
0.021568
0.0208106666667
0.0208
0.0204373333333
0.020224
0.020864
0.02016
0.0202346666667
0.0207573333333
0.0214506666667
0.0203946666667
0.0201813333333
0.0202773333333
0.0207253333333
0.0205333333333
0.0220373333333
0.0204693333333
0.020416
0.022176
0.0220373333333
0.0216
0.0208213333333
0.01984
0.0240746666667
0.0202346666667
0.02208
0.0231253333333
0.0200213333333
0.0219093333333
0.021888
0.0207786666667
0.022272
0.021792
0.0204693333333
0.0225813333333
0.0213013333333
0.022912
0.020288
0.02112
0.0203626666667
0.0221013333333
0.111712
0.0205333333333
0.0201386666667
0.0204053333333
0.0222186666667
0.0208746666667
0.0202666666667
0.020864
0.020768
0.02112
0.0206293333333
0.0221333333333
0.0211306666667
0.0217493333333
0.020544
0.0217173333333
0.0209706666667
0.020864
0.020416
0.0221973333333
0.0200853333333
0.020864
0.0224213333333
0.021184
0.0208426666667
0.0215146666667
0.0218986666667
0.0219733333333
0.0205973333333
0.020608
0.0229226666667
0.0184426666667
0.02208
0.0225066666667
0.022848
0.0205653333333
0.0230826666667
0.0210346666667
0.022016
0.022272
0.0221653333333
0.021568
0.0187626666667
0.0210773333333
0.0222613333333
0.022464
0.0207893333333
0.0216533333333
0.0269653333333
0.0228266666667
0.020768
0.0221226666667
0.0237653333333
0.023936
0.0213333333333
0.021088
0.022464
0.0212266666667
0.0207893333333
0.0224533333333
0.0207893333333
0.0209706666667
0.0210346666667
0.022656
0.0223253333333
0.021504
0.0211093333333
0.0209813333333
0.0222186666667
0.024192
0.0212266666667
0.021184
0.0211413333333
0.0228586666667
0.020928
0.0227626666667
0.021024
0.022624
0.0226133333333
0.0210026666667
0.022368
0.0213653333333
0.0224746666667
0.021312
0.021408
0.0213973333333
0.021184
0.0226666666667
0.0216213333333
0.0217706666667
0.0211733333333
0.0214613333333
0.0214186666667
0.021216
0.021568
0.0215573333333
0.0216
0.023616
0.021376
0.02384
0.023328
0.025632
0.02464
0.0215466666667
0.0219626666667
0.0222826666667
0.024128
0.023264
0.0234026666667
0.022912
0.0217066666667
0.0214506666667
0.022016
0.0221333333333
0.021632
0.0229546666667
0.0238826666667
0.024064
0.0216426666667
0.0231786666667
0.0227626666667
0.0229333333333
0.021952
0.0252586666667
0.0235093333333
0.0236053333333
0.0221013333333
0.0223146666667
0.021856
0.0222506666667
0.0220586666667
0.024416
0.0242453333333
0.0234666666667
0.0220906666667
0.0222293333333
0.0230506666667
0.0230186666667
0.0227413333333
0.0218666666667
0.0219626666667
0.0243626666667
0.0240853333333
0.0234986666667
0.0222186666667
0.023808
0.0218026666667
0.023488
0.02384
0.0224
0.0231573333333
0.0235306666667
0.0239466666667
0.0221333333333
0.022368
0.0221333333333
0.0229013333333
0.0230933333333
0.0227306666667
0.0235946666667
0.0248853333333
0.0242773333333
0.023968
0.0237013333333
0.0224213333333
0.0224
0.025024
0.0237546666667
0.0235946666667
0.0239146666667
0.0237653333333
0.0238613333333
0.0246186666667
0.0221973333333
0.0236266666667
0.0222933333333
0.0225386666667
0.0232213333333
0.0244586666667
0.0237546666667
0.022976
0.0241066666667
0.022176
0.0256
0.0256
0.024768
0.0230506666667
0.0242986666667
0.022528
0.02256
0.02608
0.0224533333333
0.0256426666667
0.0362986666667
0.0225706666667
0.0239786666667
0.022688
0.0228373333333
0.0224426666667
0.0227946666667
0.0242346666667
0.022784
0.0232
0.0231146666667
0.022912
0.0275946666667
0.0261333333333
0.0239573333333
0.0224746666667
0.0230506666667
0.0244906666667
0.0248426666667
0.0230613333333
0.024992
0.0259093333333
0.024288
0.024544
0.0262186666667
0.0233493333333
0.024384
0.0228373333333
0.0243626666667
0.023264
0.0234346666667
0.0247893333333
0.0232213333333
0.0230186666667
0.0232853333333
0.0246613333333
0.0249706666667
0.0245546666667
0.0229973333333
0.023648
0.024064
0.0228693333333
0.02544
0.0236693333333
0.0233386666667
0.0244266666667
0.024416
0.0247466666667
0.0247466666667
0.0245866666667
0.0247466666667
0.0236266666667
0.0273066666667
0.023264
0.0242666666667
0.023392
0.0250453333333
0.023936
0.024736
0.027104
0.0248746666667
0.0247253333333
0.025184
0.0249706666667
0.024032
0.0263146666667
0.0239253333333
0.022048
0.0239146666667
0.026464
0.023488
0.025216
0.0269866666667
0.0235413333333
0.0267093333333
0.0249386666667
0.0258453333333
0.0250666666667
0.0235946666667
0.0254293333333
0.025312
0.0236373333333
0.02528
0.0235413333333
0.0247786666667
0.0257706666667
0.025216
0.0238186666667
0.0253226666667
0.0254186666667
0.0319573333333
0.0274133333333
0.024032
0.0267946666667
0.0254613333333
0.0238293333333
0.02448
0.0253333333333
0.0238293333333
0.0254933333333
0.0256853333333
0.0236693333333
0.0254186666667
0.0267413333333
0.0272106666667
0.023488
0.0240213333333
0.0253333333333
0.0242453333333
0.0236373333333
0.0240213333333
0.02528
0.0256533333333
0.0253866666667
0.025536
0.024192
0.0244906666667
0.0251626666667
0.0261333333333
0.0270613333333
0.024192
0.024064
0.0260053333333
0.025568
0.02416
0.0255786666667
0.024224
0.0260053333333
0.0242133333333
0.0256853333333
0.0241173333333
0.0272426666667
0.0273813333333
0.0242346666667
0.025952
0.02432
0.0258453333333
0.024064
