0.0129813333333
0.0120213333333
0.012736
0.0122773333333
0.012448
0.0124906666667
0.013312
0.0119893333333
0.0142506666667
0.0127893333333
0.0128213333333
0.019072
0.0139093333333
0.012448
0.0280106666667
0.0131626666667
0.012672
0.0123733333333
0.0129386666667
0.0123626666667
0.0135893333333
0.01264
0.0135146666667
0.0129173333333
0.0126826666667
0.0127573333333
0.0136426666667
0.0135893333333
0.0129706666667
0.0128
0.0133226666667
0.0125866666667
0.0126933333333
0.0131306666667
0.0127253333333
0.0128
0.014976
0.0133013333333
0.0129386666667
0.0127573333333
0.0129386666667
0.015232
0.0180693333333
0.019008
0.0144
0.013248
0.0131733333333
0.0128426666667
0.013024
0.0131413333333
0.0144213333333
0.015488
0.013056
0.0131413333333
0.0140053333333
0.0129813333333
0.0133333333333
0.0134186666667
0.0135146666667
0.0149546666667
0.0234453333333
0.0130026666667
0.0132693333333
0.0130026666667
0.019072
0.013376
0.0130773333333
0.013088
0.014944
0.0148906666667
0.01376
0.013376
0.0132266666667
0.0137386666667
0.0134933333333
0.0135573333333
0.0133653333333
0.013568
0.0153706666667
0.0135253333333
0.0132586666667
0.0133546666667
0.0140053333333
0.013312
0.0157013333333
0.0145493333333
0.0138986666667
0.0131413333333
0.0138666666667
0.013696
0.0301333333333
0.0135573333333
0.0186026666667
0.0151786666667
0.0142933333333
0.013088
0.014176
0.0181546666667
0.0134506666667
0.0136106666667
0.0138986666667
0.013664
0.0136853333333
0.013408
0.01408
0.013824
0.0144106666667
0.014016
0.013792
0.0148373333333
0.013856
0.0136853333333
0.0143146666667
0.0137493333333
0.0227733333333
0.014304
0.0146986666667
0.013984
0.0141013333333
0.013824
0.0138986666667
0.014176
0.0143253333333
0.013728
0.0143146666667
0.0141226666667
0.0188906666667
0.01424
0.0139413333333
0.0184
0.018688
0.0140586666667
0.0143253333333
0.01392
0.0152533333333
0.0140693333333
0.014048
0.013888
0.014784
0.0164373333333
0.0145386666667
0.014528
0.0147733333333
0.0153706666667
0.0148693333333
0.0155946666667
0.014816
0.0154453333333
0.014848
0.0145493333333
0.014432
0.0141653333333
0.0139946666667
0.01392
0.01472
0.0159466666667
0.0141866666667
0.0144426666667
0.0142613333333
0.0144213333333
0.014624
0.0146666666667
0.0145493333333
0.015136
0.0140373333333
0.014336
0.0142933333333
0.014272
0.0143893333333
0.015328
0.0159573333333
0.0147413333333
0.0146986666667
0.0145066666667
0.0150613333333
0.0150613333333
0.01456
0.0144
0.014656
0.014336
0.0148586666667
0.0151573333333
0.014528
0.0142933333333
0.0144746666667
0.0146346666667
0.0161706666667
0.014432
0.015648
0.0146346666667
0.01664
0.0145066666667
0.0149546666667
0.0147093333333
0.0149546666667
0.0150506666667
0.0175146666667
0.015136
0.0152213333333
0.0150826666667
0.0147093333333
0.015296
0.013696
0.015008
0.0152746666667
0.0151573333333
0.0151893333333
0.0147093333333
0.016832
0.01664
0.0157973333333
0.0169066666667
0.015264
0.0148373333333
0.0149866666667
0.014592
0.0155626666667
0.0152746666667
0.0151253333333
0.0159573333333
0.0165546666667
0.0150826666667
0.0164906666667
0.0145706666667
0.014976
0.015168
0.0150293333333
0.014848
0.0154026666667
0.015008
0.021664
0.0150293333333
0.015008
0.0150186666667
0.01616
0.0150933333333
0.015488
0.018912
0.0153066666667
0.0150933333333
0.0149866666667
0.0166186666667
0.0160106666667
0.015136
0.0150933333333
0.0152213333333
0.0162026666667
0.014976
0.0153066666667
0.0154453333333
0.015424
0.0153066666667
0.0156053333333
0.015712
0.0173226666667
0.015072
0.0157546666667
0.0152106666667
0.016512
0.0163306666667
0.01536
0.015392
0.0154986666667
0.0152213333333
0.020384
0.0153173333333
0.0164266666667
0.0159253333333
0.016032
0.016672
0.0158293333333
0.0187413333333
0.0201386666667
0.0156906666667
0.0154773333333
0.0159253333333
0.0154666666667
0.0162026666667
0.0208106666667
0.0189333333333
0.0221973333333
0.0156373333333
0.015808
0.0155306666667
0.0222826666667
0.0156266666667
0.01568
0.0160106666667
0.017632
0.0158933333333
0.0156586666667
0.0162133333333
0.0159573333333
0.0159466666667
0.0157973333333
0.015552
0.0159786666667
0.0165226666667
0.017888
0.0163413333333
0.0177173333333
0.01584
0.016032
0.016064
0.0159253333333
0.0165333333333
0.0159893333333
0.015712
0.015904
0.0157226666667
16
0.0155946666667
0.0170133333333
0.015968
0.0183786666667
0.0160426666667
0.0170026666667
0.0165226666667
0.02064
0.0156373333333
0.0160853333333
0.0159893333333
0.0169173333333
0.0160426666667
0.0164053333333
0.0185386666667
0.0174506666667
0.0158293333333
0.0168426666667
0.01648
0.01648
0.017184
0.0163946666667
0.0160853333333
0.016544
0.0176533333333
0.01776
0.0191146666667
0.016128
0.0164373333333
0.0163093333333
0.0167786666667
0.01648
0.0161066666667
0.016384
0.0177493333333
0.0178986666667
0.016224
0.01648
0.016672
0.0165333333333
0.0157973333333
0.0208106666667
0.016384
0.0164266666667
0.016576
0.0165333333333
0.0173013333333
0.0170773333333
0.0179946666667
0.0172906666667
0.021216
0.016736
0.016512
0.0172906666667
0.0170026666667
0.021184
0.0167786666667
0.018944
0.0167573333333
0.018112
0.0163733333333
0.016544
0.021504
0.0184853333333
0.0186133333333
0.017056
0.0186133333333
0.0201386666667
0.0167466666667
0.016608
0.0172586666667
0.017472
0.017056
0.0168213333333
0.016896
0.0167573333333
0.016928
0.0167466666667
0.0178133333333
0.017024
0.0169493333333
0.016896
0.0165653333333
0.0190933333333
0.0170346666667
0.0175786666667
0.0174826666667
0.0171413333333
0.0166826666667
0.0167146666667
0.0187733333333
0.0167253333333
0.02
0.018848
0.0168426666667
0.0171093333333
0.0172906666667
0.023328
0.021056
0.0176106666667
0.017376
0.0168213333333
0.0173866666667
0.0172586666667
0.0168426666667
0.016992
0.017184
0.0177813333333
0.0169813333333
0.0178986666667
0.0173653333333
0.0174186666667
0.0170986666667
0.0172053333333
0.017376
0.017728
0.01856
0.022272
0.0170773333333
0.0178346666667
0.0173226666667
0.0174186666667
0.0176
0.0177386666667
0.0172693333333
0.0176853333333
0.0171626666667
0.0175573333333
0.018272
0.0172053333333
0.0246613333333
0.0175573333333
0.017472
0.018976
0.0176426666667
0.0188586666667
0.0174613333333
0.0176
0.0176853333333
0.0220053333333
0.017856
0.01792
0.0174933333333
0.0194026666667
0.018784
0.0175573333333
0.01792
0.0188906666667
0.0175573333333
0.022528
0.017696
0.017952
0.0191573333333
0.0184853333333
0.017408
0.0176746666667
0.0173333333333
0.017408
0.0176746666667
0.0222186666667
0.0218453333333
0.017696
0.022528
0.0219733333333
0.01824
0.0178026666667
0.0181973333333
0.0189333333333
0.01744
0.0183466666667
0.0189866666667
0.0182506666667
0.0180693333333
0.0195413333333
0.0190826666667
0.0184426666667
0.0175893333333
0.0186133333333
0.0184426666667
0.018368
0.0178026666667
0.0186986666667
0.019616
0.0190933333333
0.0179413333333
0.0180693333333
0.0189866666667
0.018496
0.0178773333333
0.018528
0.018016
0.0195093333333
0.0180693333333
0.019904
0.017952
0.023008
0.017696
0.0184213333333
0.0202453333333
0.0192
0.017856
0.01856
0.0166186666667
0.0401386666667
0.0146666666667
0.0185386666667
0.018624
0.020448
0.0191786666667
0.019232
0.0184533333333
0.0189653333333
0.0181226666667
0.018592
0.018688
0.018464
0.0187946666667
0.018368
0.0184106666667
0.0185706666667
0.0187946666667
0.0186773333333
0.0182613333333
0.021824
0.0195093333333
0.0184
0.018368
0.0187413333333
0.0194026666667
0.0183786666667
0.0185813333333
0.0191573333333
0.018592
0.0189013333333
0.020032
0.0186026666667
0.018656
0.0193386666667
0.0185706666667
0.02
0.0189013333333
0.018784
0.0193173333333
0.019072
0.0195733333333
0.021024
0.019232
0.018752
0.0185066666667
0.023552
0.0186453333333
0.019392
0.0182933333333
0.01856
0.0202986666667
0.01888
0.0186346666667
0.0186453333333
0.0188373333333
0.027136
0.0203093333333
0.019392
0.019392
0.01904
0.01856
0.018848
0.0187626666667
0.0191893333333
0.0190506666667
0.0190506666667
0.01872
0.0196693333333
0.0191786666667
0.0188373333333
0.0196906666667
0.021088
0.019424
0.0196693333333
0.0194773333333
0.019776
0.0189653333333
0.0189653333333
0.0196693333333
0.0197333333333
0.0194453333333
0.0188266666667
0.0236586666667
0.01952
0.019776
0.0191253333333
0.0224853333333
0.0193173333333
0.0195626666667
0.0192213333333
0.0190293333333
0.02016
0.01888
0.0193493333333
0.0193386666667
0.0197333333333
0.019136
0.0191253333333
0.0191786666667
0.019552
0.019776
0.0194666666667
0.0195946666667
0.02016
0.0210026666667
0.0200746666667
0.0210453333333
0.0260266666667
0.0198186666667
0.019776
0.019488
0.019488
0.0193706666667
0.0216106666667
0.0194773333333
0.0213013333333
0.019168
0.019552
0.0193813333333
0.02096
0.0196693333333
0.02032
0.0194133333333
0.0199253333333
0.021152
0.021024
0.0213546666667
0.0226773333333
0.019712
0.0215786666667
0.0210453333333
0.019904
0.0196266666667
0.0197866666667
0.019776
0.02544
0.0211626666667
0.0197653333333
0.0203626666667
0.0205653333333
0.0207253333333
0.0210453333333
0.0195946666667
0.0196693333333
0.0203946666667
0.0202133333333
0.019904
0.0206933333333
0.019808
0.0197013333333
0.0199146666667
0.020768
0.020032
0.020544
0.0196906666667
0.0205226666667
0.0196266666667
0.0199146666667
0.0210026666667
0.0202133333333
0.0199573333333
0.0253226666667
0.0199786666667
0.020064
0.0214613333333
0.020064
0.0199573333333
0.0203626666667
0.0199893333333
0.0209173333333
0.0199786666667
0.0204373333333
0.019968
0.0201493333333
0.0199786666667
0.0203306666667
0.019968
0.020768
0.0224746666667
0.020512
0.02064
0.020192
0.020192
0.0267093333333
0.0201173333333
0.021728
0.0204906666667
0.0205546666667
0.01984
0.0203093333333
0.0203093333333
0.02064
0.020832
0.0246293333333
0.020288
0.0208
0.0394666666667
0.0200746666667
0.0203626666667
0.0206506666667
0.022976
0.0209173333333
0.0208106666667
0.0208213333333
0.0206613333333
0.0206613333333
0.020576
0.02096
0.020224
0.0213973333333
0.0217066666667
0.0209493333333
0.021376
0.0207253333333
0.0229866666667
0.021024
0.0226026666667
0.0206933333333
0.02336
0.0211626666667
0.0202666666667
0.0209066666667
0.0208426666667
0.0206933333333
0.0206186666667
0.0210986666667
0.0210453333333
0.021184
0.0217173333333
0.020832
0.021728
0.02112
0.0211306666667
0.0207786666667
0.020832
0.0210026666667
0.021408
0.020736
0.025408
0.0216533333333
0.021184
0.0240533333333
0.0223466666667
0.020992
0.0213653333333
0.021536
0.0210986666667
0.0259093333333
0.020896
0.021664
0.02272
0.0216853333333
0.0207253333333
0.0213226666667
0.0214186666667
0.023584
0.0209493333333
0.021472
0.0230186666667
0.021216
0.02336
0.0226026666667
0.021216
0.0218026666667
0.021664
0.0209386666667
0.0227733333333
0.021728
0.0220266666667
0.0218133333333
0.0214506666667
0.0215786666667
0.0223573333333
0.0216213333333
0.02128
0.0214826666667
0.0210133333333
0.0213546666667
0.0220373333333
0.022144
0.0212693333333
0.0213866666667
0.021312
0.0216106666667
0.027648
0.0221653333333
0.0219413333333
0.021632
0.0217706666667
0.022016
0.0214826666667
0.0216
0.0224746666667
0.021408
0.0220373333333
0.026624
0.021408
0.0218133333333
0.0223466666667
0.02336
0.026176
0.022048
0.0225493333333
0.0232746666667
0.02144
0.0232213333333
0.0241173333333
0.02208
0.0216106666667
0.0214186666667
0.0225173333333
0.022336
0.0269226666667
0.0224
0.0217066666667
0.0219306666667
0.0216533333333
0.022944
0.022368
0.0227306666667
0.022016
0.0220266666667
0.0241173333333
0.0219626666667
0.0227306666667
0.0221333333333
0.0217493333333
0.0218026666667
0.022016
0.0218346666667
0.0224426666667
0.0219946666667
0.038496
0.021856
0.0217706666667
0.02208
0.0235626666667
0.0219626666667
0.0221333333333
0.0219413333333
0.0219733333333
0.0229013333333
0.0221226666667
0.0225813333333
0.022944
0.0269226666667
0.022336
0.022912
0.0291946666667
0.022656
0.0224213333333
0.0224426666667
0.0223466666667
0.027584
0.0225386666667
0.0225386666667
0.0224
0.0223893333333
0.0266986666667
0.0240533333333
0.022592
0.0287146666667
0.0225066666667
0.0229546666667
0.0224106666667
0.0223893333333
0.0223893333333
0.0222826666667
0.0290346666667
0.0230186666667
0.0288
0.02496
0.0224106666667
0.0226026666667
0.0225493333333
0.0228693333333
0.0225813333333
0.022656
0.0224853333333
0.0236266666667
0.0223146666667
0.0227626666667
0.0248533333333
0.02368
0.0227946666667
0.027648
0.022784
0.0234133333333
0.0226346666667
0.0241066666667
0.028928
0.0235093333333
0.0229013333333
0.0232533333333
0.0231573333333
0.0230293333333
0.0549653333333
0.0244586666667
0.0326826666667
0.0228906666667
0.0228373333333
0.023392
0.0228906666667
0.0242666666667
0.0227946666667
0.024352
0.0230186666667
0.0233173333333
0.0233813333333
0.023392
0.0252266666667
0.02592
0.024608
0.023296
0.0286933333333
0.0235306666667
0.0238506666667
0.0232213333333
0.024608
0.0241493333333
0.0249493333333
0.024192
0.031616
0.0234773333333
0.0236693333333
0.0231893333333
0.0233493333333
0.023584
0.0230613333333
0.0255893333333
0.0243733333333
0.023776
0.024608
0.0276266666667
0.0234346666667
0.024096
0.022944
0.023328
0.024352
0.0238506666667
24
0.025024
0.0236053333333
0.023872
0.023616
0.02352
0.0247786666667
0.025344
0.024704
0.024896
0.023264
0.0247146666667
0.0233493333333
0.023808
0.023424
0.023936
0.0233813333333
0.0235626666667
0.024448
0.0240533333333
0.0252906666667
0.023968
0.0235946666667
0.024288
0.02336
0.023712
0.0236266666667
0.0255786666667
0.023552
0.0240426666667
0.0234986666667
0.028352
0.0237013333333
0.0260906666667
0.023872
0.0239893333333
0.0251093333333
0.0241493333333
0.02416
0.024064
0.0249173333333
0.0243093333333
0.0288853333333
0.0259413333333
0.0244906666667
0.02416
0.0239893333333
0.0241813333333
0.0239146666667
0.0287573333333
0.0239466666667
0.0242026666667
0.0245973333333
0.024256
0.023904
0.024544
0.023872
0.0245866666667
0.0256106666667
0.024864
0.0238293333333
0.0245653333333
0.0239466666667
0.02528
0.024768
0.02496
0.0252693333333
0.0248
0.0302293333333

