x1	x2	x3	y
12565.000000	0	0	1.039540
12355.000000	0	0	1.402128
12085.000000	0	0	1.578138
11144.000000	0	0	1.514538
11615.000000	0	0	1.742725
12304.000000	0	0	1.002267
12115.000000	0	0	1.275047
12419.000000	0	0	1.921360
13072.000000	0	0	1.972359
13419.000000	0	0	1.094823
12567.000000	0	0	1.653493
12990.000000	0	0	1.782136
13562.000000	0	0	1.936135
13654.000000	0	0	1.644959
13816.000000	0	0	1.560757
13362.000000	0	0	1.478960
12843.000000	0	0	1.971633
12074.000000	0	0	1.426236
12258.000000	0	0	1.774734
12009.000000	0	0	1.067128
12510.000000	0	0	1.968631
12063.000000	0	0	1.569384
11280.000000	0	0	1.012398
11792.000000	0	0	1.001022
11185.000000	0	0	1.357259
11881.000000	0	0	1.767271
11900.000000	0	0	1.880500
12652.000000	0	0	1.479020
13576.000000	0	0	1.146414
12646.000000	0	0	1.214246
12789.000000	0	0	1.830973
12224.000000	0	0	1.996038
11472.000000	0	0	1.208691
10669.000000	0	0	1.977268
11065.000000	0	0	1.906547
10769.000000	0	0	1.862682
11463.000000	0	0	1.612825
11171.000000	0	0	1.767220
11370.000000	0	0	1.703160
10753.000000	0	0	1.612766
10386.000000	0	0	1.988950
10708.000000	0	0	1.013991
10571.000000	0	0	1.803483
9594.000000	0	0	1.830769
9865.000000	0	0	1.849022
9365.000000	0	0	1.992328
8369.000000	0	0	1.959421
7589.000000	0	0	1.215658
7989.000000	0	0	1.995092
8027.000000	0	0	1.947684
8367.000000	0	0	1.349028
8321.000000	0	0	1.223033
7891.000000	0	0	1.603890
7675.000000	0	0	1.992074
6829.000000	0	0	1.463003
7321.000000	0	0	1.214617
6470.000000	0	0	1.012067
5518.000000	0	0	1.042440
5277.000000	0	0	1.410230
4524.000000	0	0	1.988684
4334.000000	0	0	1.029609
3704.000000	0	0	1.996129
3032.000000	0	0	1.873859
2745.000000	0	0	1.533394
2048.000000	0	0	1.901995
2269.000000	0	0	1.515292
2929.000000	0	0	1.260069
2153.000000	0	0	1.283748
1843.000000	0	0	1.193845
1419.000000	0	0	1.292036
1948.000000	0	0	1.955497
2023.000000	0	0	1.965921
1940.000000	0	0	1.004421
2660.000000	0	0	1.358386
2351.000000	0	0	1.214964
2163.000000	0	0	1.000181
2243.000000	0	0	1.990591
2205.000000	0	0	1.849755
1273.000000	0	0	1.628949
1449.000000	0	0	1.559470
798.000000	0	0	1.998743
427.000000	0	0	1.935589
797.000000	0	0	1.324672
1254.000000	0	0	1.766327
763.000000	0	0	1.843287
222.000000	0	0	1.244924
725.000000	0	0	1.577185
-28.000000	0	0	1.926610
-1024.000000	0	0	1.974867
-1287.000000	0	0	1.245002
-635.000000	0	0	1.849582
-478.000000	0	0	1.788464
-804.000000	0	0	1.939880
32.000000	0	0	1.695929
-488.000000	0	0	1.244873
-1080.000000	0	0	1.577215
-318.000000	0	0	1.585829
-856.000000	0	0	1.007039
-1319.000000	0	0	1.795770
-1484.000000	0	0	1.153465
-902.000000	0	0	1.873979
-1230.000000	0	0	1.004413
-1203.000000	0	0	1.948032
-828.000000	0	0	1.035792
-569.000000	0	0	1.868066
-897.000000	0	0	1.005659
-751.000000	0	0	1.974820
244.000000	0	0	1.252577
212.000000	0	0	1.003303
294.000000	0	0	1.066631
490.000000	0	0	1.992196
918.000000	0	0	1.628978
279.000000	0	0	1.679550
722.000000	0	0	1.712144
55.000000	0	0	1.000490
-706.000000	0	0	1.427310
-336.000000	0	0	1.977546
-298.000000	0	0	1.809784
577.000000	0	0	1.244950
997.000000	0	0	1.193654
241.000000	0	0	1.383835
639.000000	0	0	1.095460
-299.000000	0	0	1.727958
75.000000	0	0	1.849625
1004.000000	0	0	1.066662
776.000000	0	0	1.999292
907.000000	0	0	1.366751
472.000000	0	0	1.524287
-207.000000	0	0	1.885550
-784.000000	0	0	1.029507
-974.000000	0	0	1.988748
-1921.000000	0	0	1.007024
-1789.000000	0	0	1.018656
-1479.000000	0	0	1.594683
-728.000000	0	0	1.436078
-235.000000	0	0	1.662919
301.000000	0	0	1.687783
710.000000	0	0	2.000000
-279.000000	0	0	1.679550
-130.000000	0	0	1.134903
-721.000000	0	0	1.000020
-326.000000	0	0	1.559620
412.000000	0	0	1.809737
215.000000	0	0	1.039119
628.000000	0	0	1.901924
512.000000	0	0	1.993677
977.000000	0	0	1.998753
1845.000000	0	0	1.400945
2598.000000	0	0	1.990596
3554.000000	0	0	1.426952
2940.000000	0	0	1.743804
3655.000000	0	0	1.057920
3258.000000	0	0	1.971902
2282.000000	0	0	1.128792
1671.000000	0	0	1.896651
1663.000000	0	0	1.207786
808.000000	0	0	1.671177
1085.000000	0	0	1.166464
1670.000000	0	0	1.058132
1681.000000	0	0	1.939780
1080.000000	0	0	1.577215
1386.000000	0	0	1.719963
844.000000	0	0	1.215187
477.000000	0	0	1.751311
830.000000	0	0	1.662834
1333.000000	0	0	1.324503
1810.000000	0	0	1.816543
1341.000000	0	0	1.802860
647.000000	0	0	1.972012
-317.000000	0	0	1.912183
607.000000	0	0	1.611826
-253.000000	0	0	1.010326
474.000000	0	0	1.862080
1199.000000	0	0	1.215212
235.000000	0	0	1.662919
220.000000	0	0	1.992186
5.000000	0	0	1.080464
989.000000	0	0	1.679607
1484.000000	0	0	1.153465
727.000000	0	0	1.075683
754.000000	0	0	1.999685
234.000000	0	0	1.002365
-597.000000	0	0	1.990544
-679.000000	0	0	1.836709
109.000000	0	0	1.332932
-74.000000	0	0	1.029487
-444.000000	0	0	1.260254
47.000000	0	0	1.984730
579.000000	0	0	1.341243
113.000000	0	0	1.990556
417.000000	0	0	1.453642
480.000000	0	0	1.620523
634.000000	0	0	1.679578
1615.000000	0	0	1.951788
2366.000000	0	0	1.861913
2164.000000	0	0	1.720234
2866.000000	0	0	1.418267
3853.000000	0	0	1.026459
3918.000000	0	0	1.823207
3507.000000	0	0	1.307872
3975.000000	0	0	1.400768
3058.000000	0	0	1.111496
4047.000000	0	0	1.654182
3055.000000	0	0	1.039025
3384.000000	0	0	1.766174
3014.000000	0	0	1.122881
3305.000000	0	0	1.998019
4162.000000	0	0	1.671573
4699.000000	0	0	1.462823
3900.000000	0	0	1.080284
3620.000000	0	0	1.400798
4391.000000	0	0	1.341643
3963.000000	0	0	1.014126
4183.000000	0	0	1.000937
4364.000000	0	0	1.896339
4414.000000	0	0	1.996121
5343.000000	0	0	1.436467
5535.000000	0	0	1.781613
5455.000000	0	0	1.134594
5598.000000	0	0	1.902174
5945.000000	0	0	1.200360
5551.000000	0	0	1.962751
5554.000000	0	0	1.891406
6342.000000	0	0	1.410319
5549.000000	0	0	1.340843
5730.000000	0	0	1.931403
6671.000000	0	0	1.029293
6559.000000	0	0	1.638118
6622.000000	0	0	1.788956
6055.000000	0	0	1.166149
5740.000000	0	0	1.906810
5986.000000	0	0	1.090062
5697.000000	0	0	1.075460
5183.000000	0	0	1.654927
5510.000000	0	0	1.880148
5640.000000	0	0	1.444327
6515.000000	0	0	1.621021
5849.000000	0	0	1.638060
6329.000000	0	0	1.066887
5558.000000	0	0	1.750868
5600.000000	0	0	1.012291
5197.000000	0	0	1.479653
5454.000000	0	0	1.962396
5510.000000	0	0	1.880148
4663.000000	0	0	1.409399
5580.000000	0	0	1.743173
4635.000000	0	0	1.166239
5393.000000	0	0	1.194083
4440.000000	0	0	1.357808
4133.000000	0	0	1.054154
4766.000000	0	0	1.958980
5074.000000	0	0	1.896302
5091.000000	0	0	1.002409
4999.000000	0	0	1.559171
5427.000000	0	0	1.010228
5902.000000	0	0	1.245339
5030.000000	0	0	1.906845
4873.000000	0	0	1.855601
5618.000000	0	0	1.453132
5465.000000	0	0	1.039306
4924.000000	0	0	1.186449
4466.000000	0	0	1.050231
3881.000000	0	0	1.179673
3457.000000	0	0	1.100580
3649.000000	0	0	1.001610
3821.000000	0	0	1.462101
4693.000000	0	0	1.736172
4655.000000	0	0	1.445196
3849.000000	0	0	1.727689
3758.000000	0	0	1.628745
3708.000000	0	0	1.366374
3299.000000	0	0	1.896394
3151.000000	0	0	1.999696
2396.000000	0	0	1.260466
2880.000000	0	0	1.445046
2691.000000	0	0	1.050165
1712.000000	0	0	1.972042
1928.000000	0	0	1.349862
1713.000000	0	0	1.453462
2168.000000	0	0	1.912063
2244.000000	0	0	1.383630
2829.000000	0	0	1.000018
3640.000000	0	0	1.201012
4535.000000	0	0	1.012271
5345.000000	0	0	1.166194
4789.000000	0	0	1.122782
4532.000000	0	0	1.062460
5018.000000	0	0	1.409370
5253.000000	0	0	1.935351
5256.000000	0	0	1.986721
5107.000000	0	0	1.111932
4657.000000	0	0	1.159701
3817.000000	0	0	1.998770
3420.000000	0	0	1.135109
3431.000000	0	0	1.861851
2616.000000	0	0	1.341500
2432.000000	0	0	1.843090
2339.000000	0	0	1.007085
3066.000000	0	0	1.962671
2749.000000	0	0	1.988716
3723.000000	0	0	1.955435
3824.000000	0	0	1.602917
4014.000000	0	0	1.333244
4355.000000	0	0	1.532792
5183.000000	0	0	1.654927
4982.000000	0	0	1.712472
4094.000000	0	0	1.766123
4904.000000	0	0	1.999317
4882.000000	0	0	1.998777
5018.000000	0	0	1.409370
5782.000000	0	0	1.010222
5959.000000	0	0	1.680000
5904.000000	0	0	1.340814
5257.000000	0	0	1.193369
4999.000000	0	0	1.559171
4327.000000	0	0	1.267765
5164.000000	0	0	1.507075
5332.000000	0	0	1.567921
5693.000000	0	0	1.823092
6202.000000	0	0	1.773423
6759.000000	0	0	1.018542
6240.000000	0	0	1.488409
6174.000000	0	0	1.514960
5296.000000	0	0	1.560039
5055.000000	0	0	1.968851
4230.000000	0	0	1.023683
4899.000000	0	0	1.095247
5556.000000	0	0	1.008697
4931.000000	0	0	1.071316
5438.000000	0	0	1.990643
5169.000000	0	0	1.222080
5638.000000	0	0	1.160342
5942.000000	0	0	1.100453
6132.000000	0	0	1.856258
6983.000000	0	0	1.524919
7190.000000	0	0	1.201253
6428.000000	0	0	1.911858
6222.000000	0	0	1.005727
5462.000000	0	0	1.111951
5730.000000	0	0	1.931403
5279.000000	0	0	1.186425
5990.000000	0	0	1.276421
6790.000000	0	0	1.275451
7635.000000	0	0	1.357548
7609.000000	0	0	1.996087
6947.000000	0	0	1.349143
7182.000000	0	0	1.901529
7288.000000	0	0	1.774381
7168.000000	0	0	1.194203
7725.000000	0	0	1.969227
8425.000000	0	0	1.533875
7693.000000	0	0	1.524979
7498.000000	0	0	1.308736
6856.000000	0	0	1.252053
7231.000000	0	0	1.341872
7218.000000	0	0	1.035994
7278.000000	0	0	1.230369
7578.000000	0	0	1.787972
7132.000000	0	0	1.695374
7770.000000	0	0	1.444147
7216.000000	0	0	1.944268
6745.000000	0	0	2.000000
7176.000000	0	0	1.678959
6495.000000	0	0	1.057808
5916.000000	0	0	1.861705
6143.000000	0	0	1.140651
6850.000000	0	0	1.057794
6944.000000	0	0	1.221955
6342.000000	0	0	1.410319
5428.000000	0	0	1.612326
6131.000000	0	0	1.032737
6639.000000	0	0	1.470692
6995.000000	0	0	1.058344
6020.000000	0	0	1.576619
6010.000000	0	0	1.982348
5032.000000	0	0	1.454032
4118.000000	0	0	1.654841
3765.000000	0	0	1.039002
3385.000000	0	0	1.004361
4339.000000	0	0	1.802476
5317.000000	0	0	1.021040
5555.000000	0	0	1.620026
6400.000000	0	0	1.703546
5756.000000	0	0	1.679072
6529.000000	0	0	1.514930
6401.000000	0	0	1.000025
5564.000000	0	0	1.943769
6155.000000	0	0	1.662406
6006.000000	0	0	1.560099
5306.000000	0	0	1.977671
5838.000000	0	0	1.366199
6561.000000	0	0	1.046043
6690.000000	0	0	1.000465
7187.000000	0	0	1.325180
8003.000000	0	0	1.042355
8823.000000	0	0	1.026324
8487.000000	0	0	1.000158
8304.000000	0	0	1.514779
8399.000000	0	0	1.002298
8731.000000	0	0	1.758253
7994.000000	0	0	1.046562
8042.000000	0	0	1.789055
8844.000000	0	0	1.836196
9317.000000	0	0	1.325350
10226.000000	0	0	1.986624
10689.000000	0	0	1.070634
10485.000000	0	0	1.004282
9892.000000	0	0	1.410615
10211.000000	0	0	1.461560
9665.000000	0	0	1.012007
9910.000000	0	0	1.023537
9277.000000	0	0	1.984921
10054.000000	0	0	1.382985
10169.000000	0	0	1.891650
9821.000000	0	0	1.861476
9913.000000	0	0	1.084874
9301.000000	0	0	1.095956
8936.000000	0	0	1.066241
8805.000000	0	0	1.401832
8735.000000	0	0	1.038838
8020.000000	0	0	1.781787
8206.000000	0	0	1.974621
7783.000000	0	0	1.084975
8740.000000	0	0	1.992058
8961.000000	0	0	1.146691
8379.000000	0	0	1.867617
8157.000000	0	0	1.020971
7405.000000	0	0	1.930839
7494.000000	0	0	1.070773
8365.000000	0	0	1.237942
8383.000000	0	0	1.111211
8610.000000	0	0	1.201350
9065.000000	0	0	1.004297
8316.000000	0	0	1.958860
8182.000000	0	0	1.075348
8865.000000	0	0	1.704729
8161.000000	0	0	1.427936
8635.000000	0	0	1.106598
7986.000000	0	0	1.994900
8209.000000	0	0	1.999662
7570.000000	0	0	1.106542
7963.000000	0	0	1.350351
7238.000000	0	0	1.948260
7451.000000	0	0	1.427876
7087.000000	0	0	1.823919
8043.000000	0	0	1.750686
7291.000000	0	0	1.646660
8008.000000	0	0	1.993562
7528.000000	0	0	1.541349
8378.000000	0	0	1.655185
8092.000000	0	0	1.542671
8260.000000	0	0	1.532462
8663.000000	0	0	1.003390
8192.000000	0	0	1.085733
7414.000000	0	0	1.975037
6436.000000	0	0	1.187201
6991.000000	0	0	1.332363
7270.000000	0	0	1.879442
8138.000000	0	0	1.084958
8937.000000	0	0	1.454362
8655.000000	0	0	1.992318
8974.000000	0	0	1.001646
8683.000000	0	0	1.874518
8089.000000	0	0	1.680169
8296.000000	0	0	1.341958
8385.000000	0	0	1.992063
8055.000000	0	0	1.998103
7218.000000	0	0	1.035994
7822.000000	0	0	1.712690
7333.000000	0	0	1.750738
7275.000000	0	0	1.358762
6475.000000	0	0	1.968809
6666.000000	0	0	1.803220
6912.000000	0	0	1.773373
6636.000000	0	0	1.332392
5640.000000	0	0	1.444327
5487.000000	0	0	1.042818
6432.000000	0	0	1.159591
6376.000000	0	0	1.018844
6943.000000	0	0	1.993576
7631.000000	0	0	1.994904
7740.000000	0	0	1.401743
8359.000000	0	0	1.507347
7903.000000	0	0	1.101161
8861.000000	0	0	1.018902
8255.000000	0	0	1.201326
8137.000000	0	0	1.926248
7155.000000	0	0	1.000517
7696.000000	0	0	1.384451
7623.000000	0	0	1.005551
6997.000000	0	0	1.611297
6269.000000	0	0	1.002316
5532.000000	0	0	1.885837
6108.000000	0	0	1.541469
6673.000000	0	0	1.935292
6264.000000	0	0	1.891444
6769.000000	0	0	1.180368
6145.000000	0	0	1.997997
5976.000000	0	0	1.594061
6323.000000	0	0	1.268566
7054.000000	0	0	1.186308
7550.000000	0	0	1.532522
7613.000000	0	0	1.366054
7103.000000	0	0	1.980253
7161.000000	0	0	1.066316
6386.000000	0	0	1.427787
6744.000000	0	0	1.292448
7209.000000	0	0	1.333500
7738.000000	0	0	1.935248
8331.000000	0	0	1.767016
7794.000000	0	0	1.917477
7095.000000	0	0	1.080137
6871.000000	0	0	1.890749
6353.000000	0	0	1.585324
6462.000000	0	0	1.935840
6237.000000	0	0	1.349201
5714.000000	0	0	1.720504
5755.000000	0	0	1.849970
6306.000000	0	0	1.461891
7202.000000	0	0	1.010198
7393.000000	0	0	1.452982
7687.000000	0	0	1.789030
8565.000000	0	0	1.275317
9562.000000	0	0	1.284645
9715.000000	0	0	1.134347
8862.000000	0	0	1.824034
8566.000000	0	0	1.187342
9355.000000	0	0	1.621255
8422.000000	0	0	1.671913
9040.000000	0	0	1.004501
8163.000000	0	0	1.172654
8749.000000	0	0	1.891575
9665.000000	0	0	1.012007
10357.000000	0	0	1.454482
11239.000000	0	0	1.002275
10811.000000	0	0	1.505719
10496.000000	0	0	1.996277
11471.000000	0	0	1.251713
12305.000000	0	0	1.663888
12000.000000	0	0	1.402098
12914.000000	0	0	1.216030
12180.000000	0	0	1.997951
11765.000000	0	0	1.931662
12200.000000	0	0	1.134203
12018.000000	0	0	1.026237
12112.000000	0	0	1.159238
11216.000000	0	0	1.758072
10403.000000	0	0	1.140400
10392.000000	0	0	1.856511
11023.000000	0	0	1.436945
10874.000000	0	0	1.340414
11194.000000	0	0	1.765613
11060.000000	0	0	1.000532
11421.000000	0	0	1.066136
12041.000000	0	0	1.560608
12029.000000	0	0	1.975159
11852.000000	0	0	1.112294
11403.000000	0	0	1.309042
10782.000000	0	0	1.997085
10137.000000	0	0	1.367507
9200.000000	0	0	1.023555
9416.000000	0	0	1.636814
9540.000000	0	0	1.276691
9889.000000	0	0	1.551632
10479.000000	0	0	1.046651
10098.000000	0	0	1.365851
10489.000000	0	0	1.507528
11396.000000	0	0	1.016131
10695.000000	0	0	1.275155
9848.000000	0	0	1.393257
10135.000000	0	0	1.951478
10694.000000	0	0	1.999654
10384.000000	0	0	1.259514
9624.000000	0	0	1.070681
9868.000000	0	0	1.935159
9955.000000	0	0	1.577960
10804.000000	0	0	1.996053
11522.000000	0	0	1.043026
11910.000000	0	0	1.951413
12722.000000	0	0	1.014462
12323.000000	0	0	1.010534
12254.000000	0	0	1.046715
13205.000000	0	0	1.400000
12536.000000	0	0	1.251635
11939.000000	0	0	1.340328
11262.000000	0	0	1.672139
11183.000000	0	0	1.230648
11883.000000	0	0	1.005497
12832.000000	0	0	1.026916
12159.000000	0	0	1.259382
11941.000000	0	0	1.962956
11214.000000	0	0	1.007212
11334.000000	0	0	1.419456
11238.000000	0	0	1.750451
10373.000000	0	0	1.736597
9534.000000	0	0	1.551602
10340.000000	0	0	1.275182
9932.000000	0	0	1.020928
9343.000000	0	0	1.990707
9457.000000	0	0	1.479291
9160.000000	0	0	1.401862
8386.000000	0	0	1.214543
8005.000000	0	0	1.951555
7887.000000	0	0	1.001001
7601.000000	0	0	1.006944
8477.000000	0	0	1.307483
8222.000000	0	0	1.809216
7595.000000	0	0	1.039376
7997.000000	0	0	1.005750
8233.000000	0	0	1.194274
8569.000000	0	0	1.090771
8805.000000	0	0	1.401832
8118.000000	0	0	1.984559
7514.000000	0	0	1.595186
7441.000000	0	0	1.018869
7607.000000	0	0	1.128489
6744.000000	0	0	1.292448
6293.000000	0	0	1.855517
5527.000000	0	0	1.349258
5805.000000	0	0	1.620962
5869.000000	0	0	1.765995
6130.000000	0	0	1.532642
6241.000000	0	0	1.050297
6640.000000	0	0	1.058329
6956.000000	0	0	1.758382
7088.000000	0	0	1.711543
6674.000000	0	0	1.095159
7173.000000	0	0	1.541379
7538.000000	0	0	1.061965
8268.000000	0	0	1.612561
8794.000000	0	0	1.602504
7929.000000	0	0	1.862516
8766.000000	0	0	1.332221
8429.000000	0	0	1.988614
9018.000000	0	0	1.003394
9010.000000	0	0	1.992323
9133.000000	0	0	1.855347
8456.000000	0	0	1.154074
8241.000000	0	0	1.678875
7790.000000	0	0	1.167025
8205.000000	0	0	1.445496
9093.000000	0	0	1.111173
9749.000000	0	0	1.645276
10031.000000	0	0	1.988944
9837.000000	0	0	1.611062
9672.000000	0	0	1.325378
10581.000000	0	0	1.986617
10119.000000	0	0	1.995117
10068.000000	0	0	1.480948
9367.000000	0	0	1.112161
8599.000000	0	0	1.802188
7953.000000	0	0	1.003383
7989.000000	0	0	1.995092
8818.000000	0	0	1.810352
8921.000000	0	0	1.187366
8435.000000	0	0	1.969248
8220.000000	0	0	1.000521
7521.000000	0	0	1.999261
7056.000000	0	0	1.999708
7302.000000	0	0	1.349114
6308.000000	0	0	1.902210
6689.000000	0	0	1.727475
6834.000000	0	0	1.259778
7187.000000	0	0	1.325180
6192.000000	0	0	1.993753
6003.000000	0	0	1.696400
6471.000000	0	0	1.603772
6829.000000	0	0	1.463003
6319.000000	0	0	1.095176
6778.000000	0	0	1.000192
7245.000000	0	0	1.780716
6762.000000	0	0	1.075412
7434.000000	0	0	1.299427
6527.000000	0	0	1.112009
6012.000000	0	0	1.284373
6162.000000	0	0	1.053759
7078.000000	0	0	1.999932
7842.000000	0	0	1.695318
7920.000000	0	0	1.997984
8530.000000	0	0	1.703380
8006.000000	0	0	1.116857
8195.000000	0	0	1.024005
7561.000000	0	0	1.471896
7360.000000	0	0	1.533785
6625.000000	0	0	1.663432
6164.000000	0	0	1.962373
7122.000000	0	0	1.999911
6532.000000	0	0	1.653981
7362.000000	0	0	1.100380
7483.000000	0	0	1.926940
8133.000000	0	0	1.696566
8692.000000	0	0	1.498526
8186.000000	0	0	1.300643
8517.000000	0	0	1.979882
8372.000000	0	0	1.885991
8382.000000	0	0	1.947670
9122.000000	0	0	1.141553
8757.000000	0	0	1.035491
8657.000000	0	0	1.112123
8083.000000	0	0	1.902300
8310.000000	0	0	1.780641
9052.000000	0	0	1.229202
9735.000000	0	0	1.489765
9567.000000	0	0	1.435211
10396.000000	0	0	1.794967
10959.000000	0	0	1.186050
11223.000000	0	0	1.111060
10474.000000	0	0	1.995121
10325.000000	0	0	1.024061
11032.000000	0	0	1.085868
11010.000000	0	0	1.080973
11325.000000	0	0	1.817406
12242.000000	0	0	1.498827
12435.000000	0	0	1.703077
12682.000000	0	0	1.672252
12477.000000	0	0	1.026906
12322.000000	0	0	1.610857
12686.000000	0	0	1.939334
13318.000000	0	0	1.496657
13262.000000	0	0	1.053488
14140.000000	0	0	1.907789
14785.000000	0	0	1.619265
14340.000000	0	0	1.039599
14075.000000	0	0	1.619324
14902.000000	0	0	1.020807
14013.000000	0	0	1.005471
13324.000000	0	0	1.765459
13641.000000	0	0	1.958681
14527.000000	0	0	1.925964
14199.000000	0	0	1.293024
14829.000000	0	0	1.602002
15493.000000	0	0	1.054592
15308.000000	0	0	1.309348
14331.000000	0	0	1.342444
14595.000000	0	0	1.446035
15225.000000	0	0	1.443518
14516.000000	0	0	1.071735
15153.000000	0	0	1.206857
15131.000000	0	0	1.214073
15030.000000	0	0	1.661693
15256.000000	0	0	1.829184
15307.000000	0	0	1.159039
15855.000000	0	0	1.664173
15629.000000	0	0	1.831153
15046.000000	0	0	1.373990
15317.000000	0	0	1.026984
16109.000000	0	0	1.216253
16460.000000	0	0	1.133957
17127.000000	0	0	1.325971
16981.000000	0	0	1.593144
16915.000000	0	0	1.619089
17341.000000	0	0	1.689123
17745.000000	0	0	1.079646
18026.000000	0	0	1.803986
17709.000000	0	0	1.975309
18337.000000	0	0	1.789768
18415.000000	0	0	1.277366
19226.000000	0	0	1.729432
19122.000000	0	0	1.411386
19534.000000	0	0	1.831402
19830.000000	0	0	1.930302
20082.000000	0	0	1.348080
20757.000000	0	0	1.772388
19987.000000	0	0	1.965240
19703.000000	0	0	1.231258
19977.000000	0	0	1.857082
19931.000000	0	0	1.549113
20760.000000	0	0	1.878695
20644.000000	0	0	1.686133
20873.000000	0	0	1.934698
20675.000000	0	0	1.968388
21004.000000	0	0	1.596311
20116.000000	0	0	1.860872
19862.000000	0	0	1.434344
19332.000000	0	0	1.043295
19301.000000	0	0	1.342844
18896.000000	0	0	1.604804
18277.000000	0	0	1.499340
18037.000000	0	0	1.192512
17614.000000	0	0	1.376675
16955.000000	0	0	1.969497
17886.000000	0	0	1.373756
17988.000000	0	0	1.525852
17129.000000	0	0	1.259012
17704.000000	0	0	1.185604
17347.000000	0	0	1.411238
18292.000000	0	0	1.005883
17891.000000	0	0	1.869125
17360.000000	0	0	1.817801
17890.000000	0	0	1.039717
18563.000000	0	0	1.613412
17972.000000	0	0	1.246222
18170.000000	0	0	1.317785
18329.000000	0	0	1.339814
18024.000000	0	0	1.601736
17358.000000	0	0	1.584403
16374.000000	0	0	1.999636
16747.000000	0	0	1.455023
16037.000000	0	0	1.454963
16028.000000	0	0	1.844228
16701.000000	0	0	1.916329
16290.000000	0	0	1.443428
15533.000000	0	0	1.323374
15025.000000	0	0	1.106933
14557.000000	0	0	1.174115
15258.000000	0	0	1.569652
16211.000000	0	0	1.861101
15287.000000	0	0	1.999897
15846.000000	0	0	1.963081
15553.000000	0	0	1.269261
15535.000000	0	0	1.969456
16067.000000	0	0	1.391108
15158.000000	0	0	1.966325
15599.000000	0	0	1.298792
16441.000000	0	0	1.251347
16185.000000	0	0	1.782360
16706.000000	0	0	1.301307
17543.000000	0	0	1.884588
16711.000000	0	0	1.417107
15793.000000	0	0	1.955011
15408.000000	0	0	1.003457
15553.000000	0	0	1.269261
14586.000000	0	0	1.837666
13745.000000	0	0	1.742566
14251.000000	0	0	1.549593
13508.000000	0	0	1.437154
13063.000000	0	0	1.935025
12184.000000	0	0	1.382809
11299.000000	0	0	1.067098
10622.000000	0	0	1.926138
11096.000000	0	0	1.988963
10502.000000	0	0	1.886106
11455.000000	0	0	1.532191
10478.000000	0	0	1.496898
10608.000000	0	0	1.160652
11397.000000	0	0	1.586809
11967.000000	0	0	1.610886
12172.000000	0	0	1.010114
11463.000000	0	0	1.612825
11046.000000	0	0	1.974545
11930.000000	0	0	1.038734
11839.000000	0	0	1.008425
11979.000000	0	0	1.988550
11239.000000	0	0	1.002275
10893.000000	0	0	1.207150
10998.000000	0	0	1.569294
11053.000000	0	0	1.408866
10885.000000	0	0	1.663774
11369.000000	0	0	1.830882
10871.000000	0	0	1.214370
10126.000000	0	0	1.636756
9645.000000	0	0	1.906617
8718.000000	0	0	1.993552
8512.000000	0	0	1.020962
7724.000000	0	0	1.147695
7927.000000	0	0	1.523654
7440.000000	0	0	1.576500
7383.000000	0	0	1.935263
6414.000000	0	0	1.180345
7068.000000	0	0	1.696483
7635.000000	0	0	1.357548
8123.000000	0	0	1.160497
7312.000000	0	0	1.003234
8295.000000	0	0	1.134430
8802.000000	0	0	1.542731
8189.000000	0	0	1.180461
8067.000000	0	0	1.671884
7147.000000	0	0	1.984877
7631.000000	0	0	1.994904
7594.000000	0	0	1.514840
7141.000000	0	0	1.974650
6845.000000	0	0	1.744094
7083.000000	0	0	1.076034
6162.000000	0	0	1.053759
6313.000000	0	0	1.000926
6540.000000	0	0	1.489494
6502.000000	0	0	1.208348
7195.000000	0	0	1.532552
6767.000000	0	0	1.999911
5918.000000	0	0	1.524829
6428.000000	0	0	1.911858
7320.000000	0	0	1.992079
6411.000000	0	0	1.300505
6026.000000	0	0	1.829773
5383.000000	0	0	1.014097
5365.000000	0	0	1.445256
4999.000000	0	0	1.559171
5740.000000	0	0	1.906810
5761.000000	0	0	1.603713
4893.000000	0	0	1.000933
3952.000000	0	0	1.984811
4547.000000	0	0	1.193416
4032.000000	0	0	1.053841
3850.000000	0	0	1.000475
4518.000000	0	0	1.855623
4749.000000	0	0	1.215459
4947.000000	0	0	1.284292
5814.000000	0	0	1.215534
5175.000000	0	0	1.488500
5381.000000	0	0	1.728387
5354.000000	0	0	1.559141
4623.000000	0	0	1.021283
3732.000000	0	0	1.955695
3029.000000	0	0	1.766200
2542.000000	0	0	1.809595
3331.000000	0	0	1.374953
2960.000000	0	0	1.662663
2200.000000	0	0	1.400916
1824.000000	0	0	1.090442
1643.000000	0	0	1.997198
965.000000	0	0	1.743515
686.000000	0	0	1.179882
447.000000	0	0	1.392403
783.000000	0	0	1.541920
1535.000000	0	0	1.106226
1374.000000	0	0	1.186684
1493.000000	0	0	1.541860
616.000000	0	0	1.939823
547.000000	0	0	1.873999
-80.000000	0	0	1.012185
-936.000000	0	0	1.962602
-1624.000000	0	0	1.959195
-1120.000000	0	0	1.000494
-655.000000	0	0	1.000487
-1398.000000	0	0	1.999924
-2378.000000	0	0	1.965932
-1967.000000	0	0	1.873919
-2617.000000	0	0	1.997160
-3376.000000	0	0	1.123237
-3905.000000	0	0	2.000000
-3672.000000	0	0	1.751546
-2678.000000	0	0	1.042538
-3317.000000	0	0	1.751520
-3735.000000	0	0	1.880050
-3891.000000	0	0	1.018787
-2923.000000	0	0	1.062154
-3088.000000	0	0	1.965954
-2145.000000	0	0	1.577304
-1687.000000	0	0	1.998758
-2588.000000	0	0	1.612091
-1829.000000	0	0	1.687615
-2156.000000	0	0	1.418326
-3002.000000	0	0	1.042732
-2478.000000	0	0	1.568578
-2459.000000	0	0	1.418713
-2927.000000	0	0	1.324841
-3376.000000	0	0	1.123237
-4036.000000	0	0	1.341614
-4722.000000	0	0	1.965713
-4221.000000	0	0	1.071284
-3745.000000	0	0	1.951710
-2834.000000	0	0	1.921798
-3664.000000	0	0	1.383513
-3001.000000	0	0	1.506382
-3968.000000	0	0	1.971883
-3774.000000	0	0	1.340986
-3925.000000	0	0	1.166284
-3325.000000	0	0	1.134718
-3123.000000	0	0	1.935440
-2521.000000	0	0	1.016321
-1990.000000	0	0	1.039060
-2168.000000	0	0	1.912063
-2404.000000	0	0	1.603035
-2824.000000	0	0	1.917245
-1907.000000	0	0	1.997166
-1437.000000	0	0	1.075651
-2180.000000	0	0	1.931251
-1440.000000	0	0	1.166441
-500.000000	0	0	1.781190
66.000000	0	0	1.999295
-254.000000	0	0	1.795697
-592.000000	0	0	1.035748
393.000000	0	0	1.912149
1213.000000	0	0	1.885473
1629.000000	0	0	1.007074
1517.000000	0	0	1.855983
1713.000000	0	0	1.453462
786.000000	0	0	1.679466
1267.000000	0	0	1.349603
1327.000000	0	0	1.100688
354.000000	0	0	1.291954
-142.000000	0	0	1.654497
-757.000000	0	0	1.984744
-1750.000000	0	0	1.982443
-2742.000000	0	0	1.671460
-2574.000000	0	0	1.260095
-2597.000000	0	0	1.208079
-3085.000000	0	0	1.998066
-3234.000000	0	0	1.070959
-4133.000000	0	0	1.054154
-3698.000000	0	0	1.885338
-4210.000000	0	0	1.930976
-3556.000000	0	0	1.922089
-2788.000000	0	0	1.026488
-1945.000000	0	0	1.879736
-2183.000000	0	0	1.843375
-2893.000000	0	0	1.843419
-3129.000000	0	0	1.999309
-3452.000000	0	0	1.671516
-3218.000000	0	0	1.283666
-2725.000000	0	0	1.106004
-3704.000000	0	0	1.996129
-3964.000000	0	0	1.594890
-3087.000000	0	0	1.141196
-3215.000000	0	0	1.166329
-3542.000000	0	0	1.021084
-3402.000000	0	0	1.885722
-4300.000000	0	0	1.445166
-3669.000000	0	0	1.862267
-3035.000000	0	0	1.951736
-3530.000000	0	0	1.166756
-4172.000000	0	0	1.998772
-5131.000000	0	0	1.506201
-6015.000000	0	0	1.166913
-6827.000000	0	0	1.901547
-7776.000000	0	0	1.719476
-6904.000000	0	0	1.117672
-7077.000000	0	0	1.284455
-7177.000000	0	0	1.000997
-7423.000000	0	0	1.696511
-7954.000000	0	0	1.759465
-8449.000000	0	0	1.095070
-7683.000000	0	0	1.054291
-7161.000000	0	0	1.066316
-7101.000000	0	0	1.291379
-6877.000000	0	0	1.997121
-7258.000000	0	0	1.366083
-7724.000000	0	0	1.147695
-8173.000000	0	0	1.021370
-8499.000000	0	0	1.299344
-8327.000000	0	0	1.042915
-8057.000000	0	0	1.141490
-8317.000000	0	0	1.128448
-7789.000000	0	0	1.299400
-8339.000000	0	0	1.122584
-7399.000000	0	0	1.727421
-7346.000000	0	0	1.332335
-7242.000000	0	0	1.653924
-7062.000000	0	0	1.912507
-6494.000000	0	0	1.896228
-6358.000000	0	0	1.696428
-7211.000000	0	0	1.252027
-6848.000000	0	0	1.612443
-5934.000000	0	0	1.796086
-6307.000000	0	0	1.062533
-6436.000000	0	0	1.187201
-6216.000000	0	0	1.123396
-5275.000000	0	0	1.930930
-6173.000000	0	0	1.948220
-5981.000000	0	0	1.688230
-6929.000000	0	0	1.046524
-7458.000000	0	0	1.980262
-7187.000000	0	0	1.325180
-7359.000000	0	0	1.032331
-6394.000000	0	0	1.426713
-5998.000000	0	0	1.585354
-5113.000000	0	0	1.003355
-4439.000000	0	0	1.995049
-4711.000000	0	0	1.032694
-5475.000000	0	0	1.489404
-5294.000000	0	0	1.836419
-4752.000000	0	0	1.111913
-3756.000000	0	0	1.050205
-3171.000000	0	0	1.179719
-2514.000000	0	0	1.559381
-2171.000000	0	0	1.974782
-1910.000000	0	0	1.992217
-951.000000	0	0	1.383894
-1514.000000	0	0	1.939909
-827.000000	0	0	1.524257
-1051.000000	0	0	1.018722
-1384.000000	0	0	1.016405
-1421.000000	0	0	1.291817
-711.000000	0	0	1.291872
-1307.000000	0	0	1.990532
-1000.000000	0	0	1.316270
-928.000000	0	0	1.111610
-1162.000000	0	0	1.855961
-1125.000000	0	0	1.907038
-161.000000	0	0	1.506623
-1109.000000	0	0	1.999683
-457.000000	0	0	1.010314
75.000000	0	0	1.849625
520.000000	0	0	1.004405
614.000000	0	0	1.032534
-361.000000	0	0	1.921943
559.000000	0	0	1.959159
130.000000	0	0	1.134903
-538.000000	0	0	1.497742
82.000000	0	0	1.901888
-236.000000	0	0	1.862038
509.000000	0	0	1.996162
638.000000	0	0	1.935544
1450.000000	0	0	1.023830
1600.000000	0	0	1.358039
739.000000	0	0	1.559530
656.000000	0	0	1.687811
1315.000000	0	0	1.058118
839.000000	0	0	1.962545
424.000000	0	0	1.986831
1364.000000	0	0	1.727877
1606.000000	0	0	1.637451
2009.000000	0	0	1.002351
2828.000000	0	0	1.711871
3694.000000	0	0	1.759156
4381.000000	0	0	1.002403
5099.000000	0	0	1.962408
4171.000000	0	0	1.260598
3408.000000	0	0	1.654784
3041.000000	0	0	1.996199
3909.000000	0	0	1.426922
3546.000000	0	0	1.427548
3992.000000	0	0	1.324926
3721.000000	0	0	1.046144
3243.000000	0	0	1.409518
3440.000000	0	0	1.998069
4222.000000	0	0	1.912370
4854.000000	0	0	1.943797
5668.000000	0	0	1.711653
6277.000000	0	0	1.990450
6519.000000	0	0	1.962362
6301.000000	0	0	1.260757
6220.000000	0	0	1.880187
5708.000000	0	0	1.926861
5118.000000	0	0	1.885262
5228.000000	0	0	1.855580
4416.000000	0	0	1.222757
4529.000000	0	0	1.147502
3681.000000	0	0	1.341586
4565.000000	0	0	1.930961
3789.000000	0	0	1.943839
3340.000000	0	0	1.780990
2467.000000	0	0	1.435809
2914.000000	0	0	1.029568
2030.000000	0	0	1.743436
1957.000000	0	0	1.955633
1604.000000	0	0	1.046334
2395.000000	0	0	1.200601
2254.000000	0	0	1.008574
3236.000000	0	0	1.974754
3771.000000	0	0	1.214865
3230.000000	0	0	1.816450
3500.000000	0	0	1.931007
2543.000000	0	0	1.014154
2152.000000	0	0	1.999918
2300.000000	0	0	1.879717
2575.000000	0	0	1.200939
2146.000000	0	0	1.917012
2825.000000	0	0	1.576887
3718.000000	0	0	1.005600
3433.000000	0	0	1.524618
3039.000000	0	0	1.222230
2782.000000	0	0	1.014261
3558.000000	0	0	1.021257
3069.000000	0	0	1.891275
3902.000000	0	0	1.979992
3699.000000	0	0	1.049929
2976.000000	0	0	1.374982
3708.000000	0	0	1.366374
2765.000000	0	0	1.849453
2540.000000	0	0	1.000499
1897.000000	0	0	1.751415
2291.000000	0	0	1.506442
2997.000000	0	0	1.993710
3651.000000	0	0	1.795430
3992.000000	0	0	1.324926
4557.000000	0	0	1.014297
3627.000000	0	0	1.000978
2706.000000	0	0	1.214939
1782.000000	0	0	1.568219
1613.000000	0	0	1.042574
1751.000000	0	0	1.179812
2586.000000	0	0	1.795502
2784.000000	0	0	1.727770
3029.000000	0	0	1.766200
2986.000000	0	0	1.007009
3276.000000	0	0	1.603507
3304.000000	0	0	1.333187
2840.000000	0	0	2.000000
2731.000000	0	0	1.332704
2046.000000	0	0	1.462252
2103.000000	0	0	1.085244
1916.000000	0	0	1.868209
2692.000000	0	0	1.885684
2294.000000	0	0	1.645882
2071.000000	0	0	1.594387
2232.000000	0	0	1.010283
2524.000000	0	0	1.070990
1949.000000	0	0	1.122940
2864.000000	0	0	1.180113
2175.000000	0	0	1.275802
2522.000000	0	0	1.586067
3520.000000	0	0	1.023702
3535.000000	0	0	1.576828
3074.000000	0	0	1.002342
2142.000000	0	0	1.712253
1215.000000	0	0	1.489042
1963.000000	0	0	1.774003
1282.000000	0	0	1.947939
355.000000	0	0	2.000000
635.000000	0	0	1.849582
285.000000	0	0	1.401123
1148.000000	0	0	1.062227
1289.000000	0	0	1.341186
1099.000000	0	0	1.720153
1414.000000	0	0	1.921862
1782.000000	0	0	1.568219
1572.000000	0	0	1.128832
1182.000000	0	0	1.524226
1362.000000	0	0	1.014232
2063.000000	0	0	1.268246
1065.000000	0	0	2.000000
1518.000000	0	0	1.671120
1071.000000	0	0	1.921975
744.000000	0	0	1.720126
-173.000000	0	0	1.955559
703.000000	0	0	1.568428
302.000000	0	0	1.843221
-313.000000	0	0	1.160010
-1195.000000	0	0	1.134841
-892.000000	0	0	1.955596
-856.000000	0	0	1.007039
-644.000000	0	0	1.999298
-1385.000000	0	0	1.816753
-1560.000000	0	0	1.039177
-755.000000	0	0	1.275909
-1492.000000	0	0	1.935633
-1283.000000	0	0	1.111591
-1029.000000	0	0	1.016398
-352.000000	0	0	1.980077
31.000000	0	0	1.836754
571.000000	0	0	1.515533
4.000000	0	0	1.427250
356.000000	0	0	1.291899
-184.000000	0	0	1.046283
-875.000000	0	0	1.004409
-739.000000	0	0	1.559530
128.000000	0	0	1.480105
-197.000000	0	0	1.366693
-851.000000	0	0	1.868147
-1085.000000	0	0	1.166464
-1005.000000	0	0	1.907143
-390.000000	0	0	1.816636
-904.000000	0	0	1.506714
-605.000000	0	0	1.058089
-759.000000	0	0	1.090390
-1250.000000	0	0	1.879913
-2192.000000	0	0	1.453792
-2532.000000	0	0	1.984781
-3476.000000	0	0	1.029385
-4061.000000	0	0	1.222732
-3986.000000	0	0	1.603566
-3272.000000	0	0	1.000976
-4045.000000	0	0	1.039259
-3790.000000	0	0	1.105948
-3547.000000	0	0	1.980001
-3309.000000	0	0	1.383542
-2849.000000	0	0	1.830339
-1884.000000	0	0	1.333074
-1458.000000	0	0	1.912097
-2329.000000	0	0	1.222280
-3276.000000	0	0	1.603507
-3551.000000	0	0	1.291653
-2779.000000	0	0	1.066737
-2539.000000	0	0	1.687559
-3386.000000	0	0	1.646343
-2683.000000	0	0	1.993634
-3581.000000	0	0	1.836976
-3364.000000	0	0	1.637857
-3204.000000	0	0	1.830362
-4006.000000	0	0	1.795405
-3693.000000	0	0	1.003341
-3771.000000	0	0	1.214865
-3525.000000	0	0	1.982404
-3977.000000	0	0	1.935736
-4637.000000	0	0	1.999915
-4384.000000	0	0	1.008541
-4347.000000	0	0	1.324954
-4548.000000	0	0	1.268433
-3701.000000	0	0	1.959016
-3472.000000	0	0	1.735560
-3738.000000	0	0	1.774129
-4058.000000	0	0	1.350034
-4111.000000	0	0	1.050218
-3572.000000	0	0	1.999916
-2859.000000	0	0	1.977465
-2539.000000	0	0	1.687559
-2920.000000	0	0	1.012132
-2416.000000	0	0	1.986776
-2269.000000	0	0	1.515292
-2921.000000	0	0	1.603477
-2289.000000	0	0	1.117419
-1522.000000	0	0	1.010295
-1033.000000	0	0	1.696012
-1864.000000	0	0	1.260148
-2273.000000	0	0	1.003327
-3007.000000	0	0	1.773650
-2310.000000	0	0	1.357981
-2853.000000	0	0	1.823276
-3797.000000	0	0	1.141238
-4465.000000	0	0	1.488560
-4042.000000	0	0	1.111875
-4078.000000	0	0	1.955422
-4169.000000	0	0	1.988690
-4305.000000	0	0	1.275640
-4801.000000	0	0	1.637190
-5199.000000	0	0	1.891388
-5596.000000	0	0	1.461951
-5446.000000	0	0	1.002412
-5579.000000	0	0	1.796061
-4653.000000	0	0	1.911944
-5046.000000	0	0	1.679128
-5967.000000	0	0	1.193321
-6033.000000	0	0	1.172791
-6226.000000	0	0	1.646574
-7124.000000	0	0	1.180391
-7104.000000	0	0	1.426654
-6903.000000	0	0	1.366112
-7732.000000	0	0	1.735241
-6784.000000	0	0	1.070804
-6253.000000	0	0	1.111325
-6710.000000	0	0	1.817103
-6433.000000	0	0	1.308652
-6879.000000	0	0	1.215608
-6435.000000	0	0	1.275478
-5675.000000	0	0	1.080202
-6500.000000	0	0	1.997994
-6470.000000	0	0	1.012067
-6714.000000	0	0	1.836330
-5800.000000	0	0	1.662435
-4989.000000	0	0	1.977412
-5639.000000	0	0	1.974990
-5154.000000	0	0	1.046460
-4915.000000	0	0	1.000471
-4419.000000	0	0	1.117536
-3787.000000	0	0	1.035647
-4123.000000	0	0	1.111439
-4784.000000	0	0	1.637973
-4136.000000	0	0	1.008674
-4528.000000	0	0	1.324249
-4137.000000	0	0	1.788784
-4952.000000	0	0	1.435600
-4647.000000	0	0	1.695568
-5314.000000	0	0	1.000016
-4667.000000	0	0	1.026692
-5357.000000	0	0	1.695513
-6103.000000	0	0	1.194131
-6745.000000	0	0	2.000000
-7641.000000	0	0	1.636958
-7390.000000	0	0	1.315766
-8163.000000	0	0	1.172654
-8039.000000	0	0	1.891538
-7362.000000	0	0	1.100380
-7436.000000	0	0	1.977724
-7682.000000	0	0	1.479442
-8453.000000	0	0	1.268727
-7835.000000	0	0	1.982657
-8393.000000	0	0	1.054318
-8257.000000	0	0	1.391756
-8434.000000	0	0	1.147738
-8274.000000	0	0	1.333585
-7680.000000	0	0	1.135356
-8592.000000	0	0	1.935928
-9434.000000	0	0	1.959457
-9903.000000	0	0	1.585027
-9351.000000	0	0	1.002445
-10032.000000	0	0	1.391609
-9329.000000	0	0	1.001649
-9496.000000	0	0	1.260995
-9460.000000	0	0	1.619704
-8865.000000	0	0	1.704729
-8111.000000	0	0	1.688397
-7365.000000	0	0	1.200263
-6876.000000	0	0	1.341843
-7415.000000	0	0	1.444177
-7433.000000	0	0	1.999932
-6548.000000	0	0	1.366141
-6857.000000	0	0	1.208373
-6657.000000	0	0	1.998787
-7614.000000	0	0	1.117710
-6665.000000	0	0	1.012311
-6929.000000	0	0	1.046524
-7820.000000	0	0	1.703435
-7479.000000	0	0	1.180414
-7928.000000	0	0	1.036017
-7753.000000	0	0	1.810281
-8290.000000	0	0	1.621167
-7680.000000	0	0	1.135356
-7438.000000	0	0	1.076050
-6569.000000	0	0	1.995075
-6452.000000	0	0	1.454152
-6268.000000	0	0	1.750816
-7119.000000	0	0	1.977358
-7623.000000	0	0	1.005551
-7273.000000	0	0	1.955310
-7200.000000	0	0	1.744120
-6525.000000	0	0	1.992286
-5891.000000	0	0	1.758459
-6547.000000	0	0	1.993758
-6219.000000	0	0	1.046499
-5515.000000	0	0	1.004337
-5013.000000	0	0	1.308541
-4228.000000	0	0	1.696261
-5104.000000	0	0	1.215484
-4893.000000	0	0	1.000933
-5406.000000	0	0	1.603683
-6391.000000	0	0	1.291433
-6005.000000	0	0	1.023638
-5110.000000	0	0	1.039294
-5350.000000	0	0	1.982601
-5294.000000	0	0	1.836419
-4397.000000	0	0	1.111894
-4395.000000	0	0	1.992255
-4393.000000	0	0	1.244587
-3535.000000	0	0	1.576828
-3651.000000	0	0	1.795430
-4189.000000	0	0	1.095283
-4993.000000	0	0	1.283531
-4263.000000	0	0	1.980186
-4965.000000	0	0	1.080235
-4483.000000	0	0	1.997224
-4158.000000	0	0	1.010393
-4423.000000	0	0	1.874279
-5080.000000	0	0	1.998005
-5386.000000	0	0	1.066391
-4980.000000	0	0	1.703656
-5895.000000	0	0	1.038932
-5449.000000	0	0	1.008524
-4911.000000	0	0	1.594150
-5487.000000	0	0	1.042818
-5969.000000	0	0	1.999322
-5659.000000	0	0	1.299565
-5674.000000	0	0	1.921668
-6017.000000	0	0	1.435510
-6868.000000	0	0	1.788021
-7611.000000	0	0	1.222983
-7350.000000	0	0	1.058358
-6549.000000	0	0	1.117652
-7034.000000	0	0	1.999327
-7073.000000	0	0	1.085008
-6661.000000	0	0	1.461861
-6507.000000	0	0	1.523775
-6055.000000	0	0	1.166149
-6299.000000	0	0	1.988652
-6699.000000	0	0	1.186332
-6609.000000	0	0	1.375770
-7179.000000	0	0	1.802284
-7434.000000	0	0	1.299427
-6567.000000	0	0	1.229380
-7250.000000	0	0	1.489554
-8246.000000	0	0	1.603919
-8195.000000	0	0	1.024005
-8395.000000	0	0	1.619792
-7907.000000	0	0	1.856363
-7540.000000	0	0	1.968778
-7064.000000	0	0	1.016528
-6388.000000	0	0	1.172768
-6846.000000	0	0	1.795211
-7780.000000	0	0	1.023592
-6958.000000	0	0	1.655070
-7186.000000	0	0	1.146798
-8107.000000	0	0	1.014368
-8420.000000	0	0	1.742962
-9155.000000	0	0	1.849065
-9633.000000	0	0	1.408984
-8735.000000	0	0	1.038838
-8185.000000	0	0	1.166015
-7748.000000	0	0	1.452952
-8254.000000	0	0	1.259672
-7467.000000	0	0	1.712663
-7624.000000	0	0	1.638205
-7619.000000	0	0	1.645449
-7021.000000	0	0	1.803244
-7335.000000	0	0	1.663489
-7854.000000	0	0	1.999663
-8073.000000	0	0	1.393110
-8024.000000	0	0	1.867637
-8273.000000	0	0	1.140525
-8293.000000	0	0	1.480797
-9187.000000	0	0	1.307427
-9942.000000	0	0	1.173817
-10267.000000	0	0	1.926153
-9822.000000	0	0	1.035457
-10229.000000	0	0	1.999341
-10621.000000	0	0	1.560488
-11151.000000	0	0	1.006894
-10989.000000	0	0	1.917626
-10255.000000	0	0	1.443938
-10958.000000	0	0	1.984500
-11602.000000	0	0	1.990362
-12139.000000	0	0	1.987057
-11466.000000	0	0	1.472227
-12173.000000	0	0	1.612884
-12825.000000	0	0	1.274994
-12566.000000	0	0	1.868820
-12792.000000	0	0	1.713072
-12834.000000	0	0	1.686749
-12810.000000	0	0	1.024125
-12144.000000	0	0	1.029835
-12001.000000	0	0	1.986590
-12331.000000	0	0	1.939349
-11372.000000	0	0	1.712963
-12285.000000	0	0	1.038722
-11681.000000	0	0	1.719178
-11775.000000	0	0	1.906512
-11966.000000	0	0	1.897182
-11150.000000	0	0	1.780441
-11719.000000	0	0	1.426266
-11228.000000	0	0	1.997283
-10625.000000	0	0	1.982245
-10744.000000	0	0	1.940281
-10628.000000	0	0	1.999937
-10544.000000	0	0	1.470361
-10544.000000	0	0	1.470361
-11468.000000	0	0	1.140337
-11628.000000	0	0	1.323684
-12149.000000	0	0	1.801948
-12051.000000	0	0	1.977840
-12216.000000	0	0	1.006879
-12267.000000	0	0	1.367681
-11965.000000	0	0	1.058542
-12207.000000	0	0	1.112313
-13017.000000	0	0	1.035357
-12023.000000	0	0	1.984477
-11287.000000	0	0	1.542941
-10884.000000	0	0	1.002278
-10106.000000	0	0	1.767143
-10826.000000	0	0	1.994866
-10838.000000	0	0	1.774633
-11803.000000	0	0	1.998676
-12371.000000	0	0	1.688732
-11829.000000	0	0	1.382838
-12426.000000	0	0	1.290968
-13302.000000	0	0	1.772918
-13996.000000	0	0	1.958669
-13623.000000	0	0	1.243914
-13398.000000	0	0	1.393552
-12931.000000	0	0	1.958705
-13061.000000	0	0	1.029111
-13020.000000	0	0	1.105466
-13430.000000	0	0	1.907754
-13005.000000	0	0	1.135666
-13322.000000	0	0	1.005818
-12919.000000	0	0	1.514388
-12350.000000	0	0	1.848870
-12616.000000	0	0	1.647093
-12813.000000	0	0	1.000206
-13745.000000	0	0	1.742566
-14546.000000	0	0	1.829229
-14806.000000	0	0	1.897329
-14366.000000	0	0	1.767449
-13522.000000	0	0	1.694874
-12922.000000	0	0	1.653465
-13327.000000	0	0	1.873278
-13452.000000	0	0	1.912813
-13152.000000	0	0	1.075126
-13396.000000	0	0	1.939306
-13320.000000	0	0	1.880578
-12746.000000	0	0	1.719097
-11856.000000	0	0	1.868779
-12759.000000	0	0	1.299013
-13745.000000	0	0	1.742566
-13076.000000	0	0	1.593469
-13675.000000	0	0	1.880598
-13753.000000	0	0	1.393581
-14718.000000	0	0	1.874858
-15563.000000	0	0	1.810800
-16451.000000	0	0	1.002505
-16573.000000	0	0	1.206759
-15693.000000	0	0	1.540658
-15601.000000	0	0	1.977928
-15114.000000	0	0	1.959647
-15724.000000	0	0	1.895750
-15973.000000	0	0	1.172153
-15226.000000	0	0	1.071766
-15907.000000	0	0	1.192655
-15555.000000	0	0	1.315121
-15099.000000	0	0	1.765332
-14162.000000	0	0	1.912847
-13671.000000	0	0	1.123812
-12756.000000	0	0	1.179095
-12518.000000	0	0	1.101397
-12251.000000	0	0	1.123733
-12810.000000	0	0	1.024125
-12687.000000	0	0	1.100109
-11995.000000	0	0	1.848892
-12967.000000	0	0	1.005814
-13223.000000	0	0	1.998667
-13127.000000	0	0	1.020850
-13247.000000	0	0	1.208814
-12545.000000	0	0	1.661893
-12347.000000	0	0	1.734895
-13167.000000	0	0	1.694902
-13243.000000	0	0	1.140232
-13181.000000	0	0	1.187648
-12409.000000	0	0	1.917693
-12033.000000	0	0	1.584849
-12123.000000	0	0	1.843988
-11283.000000	0	0	1.000901
-11195.000000	0	0	1.004274
-11988.000000	0	0	1.902497
-11104.000000	0	0	1.001661
-10143.000000	0	0	1.129499
-10843.000000	0	0	1.042258
-10141.000000	0	0	1.996273
-10745.000000	0	0	1.532251
-11070.000000	0	0	1.317224
-10611.000000	0	0	1.071564
-9802.000000	0	0	1.947617
-8900.000000	0	0	1.982680
-8446.000000	0	0	1.029243
-8245.000000	0	0	1.012034
-7504.000000	0	0	1.090719
-7326.000000	0	0	1.962808
-7971.000000	0	0	1.505960
-7721.000000	0	0	1.260863
-7769.000000	0	0	1.975046
-8324.000000	0	0	1.117749
-7346.000000	0	0	1.332335
-8116.000000	0	0	1.089959
-7336.000000	0	0	1.861622
-7773.000000	0	0	1.585205
-8302.000000	0	0	1.112104
-8905.000000	0	0	1.024024
-8770.000000	0	0	1.058414
-9332.000000	0	0	1.010162
-10217.000000	0	0	1.735055
-10092.000000	0	0	1.128348
-10851.000000	0	0	1.996281
-10291.000000	0	0	1.428115
-11213.000000	0	0	1.628133
-12055.000000	0	0	1.576113
-12351.000000	0	0	1.029131
-11668.000000	0	0	1.984485
-11663.000000	0	0	1.026247
-11355.000000	0	0	1.079940
-12183.000000	0	0	1.990753
-11587.000000	0	0	1.479111
-10593.000000	0	0	1.810470
-10545.000000	0	0	1.058485
-10488.000000	0	0	1.042270
-10417.000000	0	0	1.752041
-10495.000000	0	0	1.238096
-10768.000000	0	0	1.036107
-9916.000000	0	0	1.179280
-9323.000000	0	0	1.101233
-10319.000000	0	0	1.180600
-10222.000000	0	0	1.542851
-10759.000000	0	0	1.333784
-11030.000000	0	0	1.982727
-11264.000000	0	0	1.032214
-11232.000000	0	0	1.479141
-11909.000000	0	0	1.507648
-12032.000000	0	0	1.912745
-11852.000000	0	0	1.112294
-12356.000000	0	0	1.986583
-11869.000000	0	0	1.996042
-12753.000000	0	0	1.084740
-12629.000000	0	0	1.959564
-12522.000000	0	0	1.856638
-12864.000000	0	0	1.463514
-12967.000000	0	0	1.005814
-13807.000000	0	0	1.912830
-14142.000000	0	0	1.014491
-13162.000000	0	0	1.085969
-13433.000000	0	0	1.810659
-13971.000000	0	0	1.890373
-14951.000000	0	0	1.974441
-14315.000000	0	0	1.106896
-14905.000000	0	0	1.079777
-15885.000000	0	0	1.199684
-16643.000000	0	0	1.161028
-16621.000000	0	0	1.154575
-16709.000000	0	0	1.181018
-16206.000000	0	0	1.008865
-15731.000000	0	0	1.251399
-15131.000000	0	0	1.214073
-16019.000000	0	0	1.999637
-16149.000000	0	0	1.122149
-15980.000000	0	0	1.081204
-15799.000000	0	0	1.995184
-15828.000000	0	0	1.627754
-15028.000000	0	0	1.036242
-15314.000000	0	0	1.091100
-14848.000000	0	0	1.452351
-15805.000000	0	0	1.880715
-16128.000000	0	0	1.351012
-15511.000000	0	0	1.331682
-15450.000000	0	0	1.880695
-15254.000000	0	0	1.000010
-15507.000000	0	0	1.990297
-16269.000000	0	0	1.067310
-15667.000000	0	0	1.985053
-16664.000000	0	0	1.298710
-16439.000000	0	0	1.334239
-16987.000000	0	0	1.842190
-17649.000000	0	0	1.796887
-17171.000000	0	0	1.342673
-16232.000000	0	0	1.672535
-16484.000000	0	0	1.995993
-16139.000000	0	0	1.644757
-15584.000000	0	0	1.016713
-15861.000000	0	0	1.385126
-16578.000000	0	0	1.966368
-17160.000000	0	0	1.661522
-17415.000000	0	0	1.165432
-16477.000000	0	0	1.630405
-16085.000000	0	0	1.997921
-16104.000000	0	0	1.962051
-15127.000000	0	0	1.947415
-15386.000000	0	0	1.002496
-15384.000000	0	0	1.862952
-14929.000000	0	0	1.977160
-15665.000000	0	0	1.274778
-16614.000000	0	0	1.094664
-17118.000000	0	0	1.737101
-18020.000000	0	0	1.969528
-17706.000000	0	0	1.999738
-16770.000000	0	0	1.968504
-16549.000000	0	0	1.376588
-16846.000000	0	0	1.505207
-16903.000000	0	0	1.110757
-16706.000000	0	0	1.301307
-16226.000000	0	0	1.897402
-17120.000000	0	0	1.011870
-16956.000000	0	0	1.460989
-16621.000000	0	0	1.154575
-16195.000000	0	0	1.991945
-16546.000000	0	0	1.516888
-16010.000000	0	0	1.815609
-16217.000000	0	0	1.990286
-17163.000000	0	0	1.787306
-16711.000000	0	0	1.417107
-17055.000000	0	0	1.578555
-18051.000000	0	0	1.689179
-18661.000000	0	0	1.996361
-17915.000000	0	0	1.004602
-17682.000000	0	0	1.192536
-18502.000000	0	0	1.158841
-17638.000000	0	0	1.206686
-18160.000000	0	0	1.000560
-17941.000000	0	0	1.647525
-17393.000000	0	0	1.172062
-17042.000000	0	0	1.174275
-16178.000000	0	0	1.129844
-17082.000000	0	0	1.158929
-18010.000000	0	0	1.534687
-18895.000000	0	0	1.011837
-19710.000000	0	0	1.880930
-20182.000000	0	0	1.841992
-20034.000000	0	0	1.995954
-20194.000000	0	0	1.975374
-20295.000000	0	0	1.906090
-19753.000000	0	0	1.054756
-18943.000000	0	0	1.481701
-18604.000000	0	0	1.760238
-18168.000000	0	0	1.971483
-19062.000000	0	0	1.142142
-19322.000000	0	0	1.127824
-20261.000000	0	0	1.416810
-20747.000000	0	0	1.993946
-20199.000000	0	0	1.016814
-20597.000000	0	0	1.566636
-21096.000000	0	0	1.958428
-21080.000000	0	0	1.992501
-20352.000000	0	0	1.522600
-20758.000000	0	0	1.005386
-21168.000000	0	0	1.997371
-20534.000000	0	0	1.726427
-20401.000000	0	0	1.767882
-21113.000000	0	0	1.005382
-21594.000000	0	0	1.067536
-22329.000000	0	0	1.016860
-22517.000000	0	0	1.127643
-21543.000000	0	0	1.206417
-21072.000000	0	0	1.053190
-21395.000000	0	0	1.531349
-21621.000000	0	0	1.718419
-20815.000000	0	0	1.136120
-20529.000000	0	0	1.067491
-20578.000000	0	0	1.710505
-20916.000000	0	0	1.561356
-20310.000000	0	0	1.850852
-20624.000000	0	0	1.721640
-21029.000000	0	0	1.464206
-20640.000000	0	0	1.932042
-20368.000000	0	0	1.243422
-20689.000000	0	0	1.001728
-20443.000000	0	0	1.627375
-20089.000000	0	0	1.007340
-21078.000000	0	0	1.243371
-21046.000000	0	0	1.794237
-21243.000000	0	0	1.811178
-20506.000000	0	0	1.460689
-19522.000000	0	0	1.979619
-18993.000000	0	0	1.231207
-18900.000000	0	0	1.968441
-18060.000000	0	0	1.277339
-17740.000000	0	0	1.705416
-17448.000000	0	0	1.844316
-16846.000000	0	0	1.505207
-16299.000000	0	0	1.835727
-17202.000000	0	0	1.043221
-17435.000000	0	0	1.446275
-18165.000000	0	0	1.906196
-18091.000000	0	0	1.019116
-17974.000000	0	0	1.339843
-17239.000000	0	0	1.221228
-17605.000000	0	0	1.782459
-17627.000000	0	0	1.789719
-17826.000000	0	0	1.678115
-17738.000000	0	0	1.710724
-18509.000000	0	0	1.091257
-19500.000000	0	0	1.982045
-19065.000000	0	0	1.058825
-18897.000000	0	0	1.900935
-19565.000000	0	0	1.446454
-19301.000000	0	0	1.342844
-20237.000000	0	0	1.174480
-20663.000000	0	0	1.540237
-20804.000000	0	0	1.866901
-21541.000000	0	0	1.385595
-22148.000000	0	0	1.948819
-23073.000000	0	0	1.171698
-22129.000000	0	0	1.863345
-22101.000000	0	0	1.989157
-21251.000000	0	0	1.089322
-21686.000000	0	0	1.838111
-21290.000000	0	0	1.705691
-22002.000000	0	0	1.020636
-22416.000000	0	0	1.548903
-22194.000000	0	0	1.047071
-23142.000000	0	0	1.266351
-23500.000000	0	0	1.399144
-23540.000000	0	0	1.997863
-24442.000000	0	0	1.841728
-24727.000000	0	0	1.790210
-23935.000000	0	0	1.490971
-24046.000000	0	0	1.938873
-23476.000000	0	0	1.188331
-23460.000000	0	0	1.024404
-24362.000000	0	0	1.246690
-24296.000000	0	0	1.224163
-23456.000000	0	0	1.416542
-23924.000000	0	0	1.513454
-23278.000000	0	0	1.130249
-24064.000000	0	0	1.681434
-24732.000000	0	0	1.034990
-24791.000000	0	0	1.592492
-24468.000000	0	0	1.084186
-24305.000000	0	0	1.004676
-23672.000000	0	0	1.990161
-24537.000000	0	0	1.158466
-25230.000000	0	0	1.983040
-25725.000000	0	0	1.004693
-25341.000000	0	0	1.373144
-25554.000000	0	0	1.920758
-26285.000000	0	0	1.579329
-25957.000000	0	0	1.158378
-25512.000000	0	0	1.411920
-25988.000000	0	0	1.539787
-26018.000000	0	0	1.614029
-26682.000000	0	0	1.807982
-26735.000000	0	0	1.997838
-26306.000000	0	0	1.015813
-26833.000000	0	0	1.626851
-25880.000000	0	0	1.818360
-26273.000000	0	0	1.980704
-26563.000000	0	0	1.451361
-26710.000000	0	0	1.968209
-27411.000000	0	0	1.677354
-26761.000000	0	0	1.373027
-27282.000000	0	0	1.841552
-26737.000000	0	0	1.209746
-26081.000000	0	0	1.768289
-25436.000000	0	0	1.009013
-24649.000000	0	0	1.995904
-24198.000000	0	0	1.013723
-23768.000000	0	0	1.076787
-24647.000000	0	0	1.127522
-24415.000000	0	0	1.012646
-25219.000000	0	0	1.018122
-25489.000000	0	0	1.094223
-25493.000000	0	0	1.270011
-24857.000000	0	0	1.566278
-24158.000000	0	0	1.438052
-24544.000000	0	0	1.091552
-23588.000000	0	0	1.364748
-24374.000000	0	0	1.002170
-24483.000000	0	0	1.710204
-24680.000000	0	0	1.881203
-24401.000000	0	0	1.938859
-24887.000000	0	0	1.587937
-24100.000000	0	0	1.442770
-25039.000000	0	0	1.764616
-25167.000000	0	0	1.913373
-25943.000000	0	0	1.927754
-26301.000000	0	0	1.838399
-25467.000000	0	0	1.099458
-26427.000000	0	0	1.994021
-25857.000000	0	0	1.014729
-24992.000000	0	0	1.652489
-25056.000000	0	0	1.050998
-24840.000000	0	0	1.705966
-24867.000000	0	0	1.074602
-25863.000000	0	0	1.025863
-26648.000000	0	0	1.281874
-27560.000000	0	0	1.136513
-26849.000000	0	0	1.339129
-27389.000000	0	0	1.685602
-27459.000000	0	0	1.008184
-27633.000000	0	0	1.811603
-27329.000000	0	0	1.920677
-27575.000000	0	0	1.104708
-26624.000000	0	0	1.293984
-27290.000000	0	0	1.278041
-26721.000000	0	0	1.033362
-25892.000000	0	0	1.285898
-25188.000000	0	0	1.076851
-26023.000000	0	0	1.139479
-26747.000000	0	0	1.753237
-26439.000000	0	0	1.639739
-25628.000000	0	0	1.195444
-25496.000000	0	0	1.155120
-25769.000000	0	0	1.007422
-26646.000000	0	0	1.302081
-25954.000000	0	0	1.069972
-25412.000000	0	0	1.886909
-25124.000000	0	0	1.601146
-25964.000000	0	0	1.091622
-24970.000000	0	0	1.660894
-25082.000000	0	0	1.790234
-24693.000000	0	0	1.993333
-24145.000000	0	0	1.081583
-23806.000000	0	0	1.301860
-23629.000000	0	0	1.220778
-22710.000000	0	0	1.705801
-22986.000000	0	0	1.262002
-23045.000000	0	0	1.023200
-22088.000000	0	0	1.737473
-22169.000000	0	0	1.118508
-22196.000000	0	0	1.635769
-22785.000000	0	0	1.318150
-23260.000000	0	0	1.881125
-22550.000000	0	0	1.881086
-22082.000000	0	0	1.936488
-21909.000000	0	0	1.797178
-22881.000000	0	0	1.504694
-23107.000000	0	0	1.694124
-23100.000000	0	0	1.982993
-22492.000000	0	0	1.053136
-22159.000000	0	0	1.049248
-22136.000000	0	0	1.889939
-21822.000000	0	0	1.772312
-22192.000000	0	0	1.956338
-21426.000000	0	0	1.889977
-22235.000000	0	0	1.136203
-21305.000000	0	0	1.081451
-21372.000000	0	0	1.936459
-20744.000000	0	0	1.995947
-20816.000000	0	0	1.963240
-21003.000000	0	0	1.013786
-20622.000000	0	0	1.694319
-20463.000000	0	0	1.054784
-20079.000000	0	0	1.221028
-20955.000000	0	0	1.702416
-20604.000000	0	0	1.018226
-20380.000000	0	0	1.779792
-20551.000000	0	0	1.072000
-21007.000000	0	0	1.455383
-20846.000000	0	0	1.001447
-20895.000000	0	0	1.930256
-20967.000000	0	0	1.999887
-20246.000000	0	0	1.000038
-19510.000000	0	0	1.575487
-18889.000000	0	0	1.030030
-19686.000000	0	0	1.504965
-20091.000000	0	0	1.757426
-21059.000000	0	0	1.382077
-21548.000000	0	0	1.966520
-22279.000000	0	0	1.148573
-22976.000000	0	0	1.001434
-23903.000000	0	0	1.036524
-24712.000000	0	0	1.947051
-24876.000000	0	0	1.416423
-24180.000000	0	0	1.446844
-24372.000000	0	0	1.790185
-24372.000000	0	0	1.790185
-25097.000000	0	0	1.142500
-24990.000000	0	0	1.039953
-24568.000000	0	0	1.539907
-23594.000000	0	0	1.644151
-24131.000000	0	0	1.828616
-24029.000000	0	0	1.254334
-23733.000000	0	0	1.025920
-24295.000000	0	0	1.235584
-23337.000000	0	0	1.099566
-22876.000000	0	0	1.224063
-21991.000000	0	0	1.978087
-22679.000000	0	0	1.975440
-22919.000000	0	0	1.220828
-22999.000000	0	0	1.681349
-23128.000000	0	0	1.844665
-23528.000000	0	0	1.669363
-23682.000000	0	0	1.609916
-23310.000000	0	0	1.664770
-23546.000000	0	0	1.944903
-23694.000000	0	0	1.988337
-23771.000000	0	0	1.019248
-23140.000000	0	0	1.318178
-22945.000000	0	0	1.136244
-22545.000000	0	0	1.356334
-21740.000000	0	0	1.968357
-22482.000000	0	0	1.522420
-23318.000000	0	0	1.206295
-23762.000000	0	0	1.285734
-24280.000000	0	0	1.039929
-25140.000000	0	0	1.314365
-26097.000000	0	0	1.956474
-26303.000000	0	0	1.000240
-25535.000000	0	0	1.981909
-25574.000000	0	0	1.018114
-25850.000000	0	0	1.314309
-25980.000000	0	0	1.318403
-26771.000000	0	0	1.006676
-27498.000000	0	0	1.875575
-28157.000000	0	0	1.209844
-29000.000000	0	0	1.998255
-29046.000000	0	0	1.155339
-28187.000000	0	0	1.652230
-28907.000000	0	0	1.127281
-28596.000000	0	0	1.115736
-28776.000000	0	0	1.302248
-28538.000000	0	0	1.949058
-27754.000000	0	0	1.151861
-27154.000000	0	0	1.121538
-27881.000000	0	0	1.648331
-27621.000000	0	0	1.986283
-28152.000000	0	0	1.964986
-27442.000000	0	0	1.965008
-28299.000000	0	0	1.797614
-28287.000000	0	0	1.990083
-28556.000000	0	0	1.224465
-27871.000000	0	0	1.124608
-27078.000000	0	0	1.669079
-27628.000000	0	0	1.451271
-27429.000000	0	0	1.940950
-27326.000000	0	0	1.828412
-27294.000000	0	0	1.975561
-27514.000000	0	0	1.995321
-28005.000000	0	0	1.442440
-28077.000000	0	0	1.693735
-28593.000000	0	0	1.041654
-28019.000000	0	0	1.420855
-27943.000000	0	0	1.010807
-28665.000000	0	0	1.198817
-28239.000000	0	0	1.509035
-29040.000000	0	0	1.403517
-28098.000000	0	0	1.844971
-28461.000000	0	0	1.065419
-28079.000000	0	0	1.722207
-27479.000000	0	0	1.760881
-28253.000000	0	0	1.626734
-28236.000000	0	0	1.648360
-28985.000000	0	0	1.618094
-29312.000000	0	0	1.347334
-30074.000000	0	0	1.797735
-29615.000000	0	0	1.491453
-29699.000000	0	0	1.002128
-29021.000000	0	0	1.262453
-29043.000000	0	0	1.270278
-29488.000000	0	0	1.281657
-29974.000000	0	0	1.995847
-29479.000000	0	0	1.018025
-29564.000000	0	0	1.001791
-30431.000000	0	0	1.001386
-30554.000000	0	0	1.181924
-30448.000000	0	0	1.903425
-29573.000000	0	0	1.139270
-29165.000000	0	0	1.000605
-29878.000000	0	0	1.013611
-29013.000000	0	0	1.854157
-29851.000000	0	0	1.838621
-29957.000000	0	0	1.113266
-29544.000000	0	0	1.800769
-29979.000000	0	0	1.118937
-29443.000000	0	0	1.999960
-29208.000000	0	0	1.668909
-28728.000000	0	0	1.083986
-28573.000000	0	0	1.954560
-27632.000000	0	0	1.014766
-26895.000000	0	0	1.969787
-26701.000000	0	0	1.677410
-25739.000000	0	0	1.995300
-25420.000000	0	0	1.038293
-25466.000000	0	0	1.938815
-26275.000000	0	0	1.081682
-25415.000000	0	0	1.783006
-26354.000000	0	0	1.464657
-25431.000000	0	0	1.963388
-25534.000000	0	0	1.420647
-25674.000000	0	0	1.381696
-25913.000000	0	0	1.171516
-25546.000000	0	0	1.019290
-25440.000000	0	0	1.664941
-26077.000000	0	0	1.043528
-26974.000000	0	0	1.920693
-27439.000000	0	0	1.895141
-28361.000000	0	0	1.072343
-27848.000000	0	0	1.364399
-27346.000000	0	0	1.000046
-26721.000000	0	0	1.033362
-26547.000000	0	0	1.733830
-26858.000000	0	0	1.749302
-26701.000000	0	0	1.677410
-27519.000000	0	0	1.047263
-28112.000000	0	0	1.265978
-28716.000000	0	0	1.072359
-29401.000000	0	0	1.155360
-29145.000000	0	0	1.814743
-29991.000000	0	0	1.045212
-29447.000000	0	0	1.433538
-28476.000000	0	0	1.677269
-27937.000000	0	0	1.142669
-27149.000000	0	0	1.639797
-26311.000000	0	0	1.974135
-27275.000000	0	0	1.908434
-28229.000000	0	0	1.047289
-27575.000000	0	0	1.104708
-26971.000000	0	0	1.828434
-26471.000000	0	0	1.996440
-27246.000000	0	0	1.262320
-27162.000000	0	0	1.956511
-27791.000000	0	0	1.793773
-28142.000000	0	0	1.857567
-27876.000000	0	0	1.635305
-27746.000000	0	0	1.730075
-28039.000000	0	0	1.920644
-28210.000000	0	0	1.004721
-28909.000000	0	0	1.995858
-28672.000000	0	0	1.063456
-29274.000000	0	0	1.643689
-29980.000000	0	0	1.952931
-30025.000000	0	0	1.486390
-30198.000000	0	0	1.281603
-29323.000000	0	0	1.656875
-29195.000000	0	0	1.968135
-29665.000000	0	0	1.239484
-30047.000000	0	0	1.477545
-30733.000000	0	0	1.130676
-31070.000000	0	0	1.881554
-31705.000000	0	0	1.997798
-32171.000000	0	0	1.212887
-33093.000000	0	0	1.738294
-32628.000000	0	0	1.698477
-32327.000000	0	0	1.999866
-33190.000000	0	0	1.360874
-32582.000000	0	0	1.733377
-32419.000000	0	0	1.381140
-32138.000000	0	0	1.776143
-32497.000000	0	0	1.872193
-33211.000000	0	0	1.115485
-32348.000000	0	0	1.310687
-32751.000000	0	0	1.989344
-32115.000000	0	0	1.004767
-32798.000000	0	0	1.949217
-33544.000000	0	0	1.121183
-32750.000000	0	0	1.202996
-31799.000000	0	0	1.960203
-32353.000000	0	0	1.407088
-32746.000000	0	0	1.145265
-31923.000000	0	0	1.083835
-31461.000000	0	0	1.212936
-31283.000000	0	0	1.310603
-31142.000000	0	0	1.673723
-31808.000000	0	0	1.657075
-32128.000000	0	0	1.232148
-32467.000000	0	0	1.043750
-31551.000000	0	0	1.999774
-32332.000000	0	0	1.086884
-32148.000000	0	0	1.993230
-33027.000000	0	0	1.714625
-32540.000000	0	0	1.665510
-32044.000000	0	0	1.941135
-31599.000000	0	0	1.424597
-32158.000000	0	0	1.626413
-32416.000000	0	0	1.250171
-32511.000000	0	0	1.051276
-32677.000000	0	0	1.074254
-32727.000000	0	0	1.265632
-32641.000000	0	0	1.978351
-32800.000000	0	0	1.040213
-33600.000000	0	0	1.617713
-33894.000000	0	0	1.640347
-34838.000000	0	0	1.406881
-33865.000000	0	0	1.040248
-33622.000000	0	0	1.609092
-34386.000000	0	0	1.088686
-34157.000000	0	0	1.001147
-34679.000000	0	0	1.255122
-35341.000000	0	0	1.115370
-34828.000000	0	0	1.910486
-35644.000000	0	0	1.761472
-35989.000000	0	0	1.217645
-36223.000000	0	0	1.821109
-35230.000000	0	0	1.967955
-36045.000000	0	0	1.004003
-36476.000000	0	0	1.263010
-36122.000000	0	0	1.998955
-35439.000000	0	0	1.068128
-35943.000000	0	0	1.998522
-35812.000000	0	0	1.305343
-34951.000000	0	0	1.503669
-34121.000000	0	0	1.973924
-33262.000000	0	0	1.142986
-33379.000000	0	0	1.832281
-33517.000000	0	0	1.631801
-33663.000000	0	0	1.450761
-34254.000000	0	0	1.121144
-33614.000000	0	0	1.255043
-33024.000000	0	0	1.832258
-32174.000000	0	0	1.338701
-32037.000000	0	0	1.327159
-31665.000000	0	0	1.398465
-30955.000000	0	0	1.398524
-31096.000000	0	0	1.756625
-31513.000000	0	0	1.903478
-30848.000000	0	0	1.583274
-31720.000000	0	0	1.623096
-31793.000000	0	0	1.993235
-31993.000000	0	0	1.310659
-31387.000000	0	0	1.631626
-31560.000000	0	0	1.818731
-32556.000000	0	0	1.898242
-33152.000000	0	0	1.113439
-33446.000000	0	0	1.676875
-33715.000000	0	0	1.706652
-34659.000000	0	0	1.338501
-34788.000000	0	0	1.170948
-35037.000000	0	0	1.143091
-34609.000000	0	0	1.121124
-34204.000000	0	0	1.008081
-33836.000000	0	0	1.250066
-34664.000000	0	0	1.892940
-35582.000000	0	0	1.900087
-35258.000000	0	0	1.991124
-35166.000000	0	0	1.302746
-35327.000000	0	0	1.956793
-36010.000000	0	0	1.234740
-36744.000000	0	0	1.995427
-35950.000000	0	0	1.530115
-36767.000000	0	0	1.346731
-36939.000000	0	0	1.976598
-36765.000000	0	0	1.239999
-36631.000000	0	0	1.999121
-37123.000000	0	0	1.131042
-37994.000000	0	0	1.832574
-37234.000000	0	0	1.975821
-36562.000000	0	0	1.979208
-36745.000000	0	0	1.355180
-37234.000000	0	0	1.975821
-37647.000000	0	0	1.074033
-38085.000000	0	0	1.746406
-37181.000000	0	0	1.938338
-36744.000000	0	0	1.995427
-36848.000000	0	0	1.934026
-36181.000000	0	0	1.562642
-36532.000000	0	0	1.000103
-35793.000000	0	0	1.450581
-36638.000000	0	0	1.538885
-35984.000000	0	0	1.961404
-35548.000000	0	0	1.406821
-35257.000000	0	0	1.210335
-35373.000000	0	0	1.055361
-35237.000000	0	0	1.389520
-34980.000000	0	0	1.004014
-34173.000000	0	0	1.102510
-33262.000000	0	0	1.142986
-34212.000000	0	0	1.996867
-34141.000000	0	0	1.065181
-33335.000000	0	0	1.818847
-33657.000000	0	0	1.191467
-33503.000000	0	0	1.242466
-33519.000000	0	0	1.048831
-32967.000000	0	0	1.412544
-32200.000000	0	0	1.059351
-33103.000000	0	0	1.998541
-32372.000000	0	0	1.265659
-33123.000000	0	0	1.139062
-32614.000000	0	0	1.184621
-32116.000000	0	0	1.768721
-32332.000000	0	0	1.086884
-33121.000000	0	0	1.474063
-33377.000000	0	0	1.565561
-32730.000000	0	0	1.398376
-32548.000000	0	0	1.205661
-32341.000000	0	0	1.015686
-32063.000000	0	0	1.991073
-31180.000000	0	0	1.908625
-30925.000000	0	0	1.447414
-30417.000000	0	0	1.990048
-31410.000000	0	0	1.878104
-30481.000000	0	0	1.088875
-31086.000000	0	0	1.996487
-31361.000000	0	0	1.002633
-31632.000000	0	0	1.588500
-31399.000000	0	0	1.119015
-30968.000000	0	0	1.061009
-31287.000000	0	0	1.985373
-30469.000000	0	0	1.067915
-30102.000000	0	0	1.544532
-30874.000000	0	0	1.000003
-31083.000000	0	0	1.993244
-30795.000000	0	0	1.198673
-31493.000000	0	0	1.010869
-30614.000000	0	0	1.465018
-30883.000000	0	0	1.171198
-31501.000000	0	0	1.938569
-32153.000000	0	0	1.130757
-31923.000000	0	0	1.083835
-31881.000000	0	0	1.986199
-31180.000000	0	0	1.908625
-30840.000000	0	0	1.278311
-31193.000000	0	0	1.984072
-31365.000000	0	0	1.623067
-30386.000000	0	0	1.756677
-29510.000000	0	0	1.273729
-29045.000000	0	0	1.314058
-28891.000000	0	0	1.372852
-28361.000000	0	0	1.072343
-28361.000000	0	0	1.072343
-28302.000000	0	0	1.673497
-27964.000000	0	0	1.600910
-27497.000000	0	0	1.043578
-28453.000000	0	0	1.844993
-27535.000000	0	0	1.239330
-28085.000000	0	0	1.447174
-27108.000000	0	0	1.482394
-26653.000000	0	0	1.927785
-25750.000000	0	0	1.004114
-25544.000000	0	0	1.918305
-26414.000000	0	0	1.760804
-27047.000000	0	0	1.266058
-27567.000000	0	0	1.790406
-28360.000000	0	0	1.442410
-29352.000000	0	0	1.990066
-29515.000000	0	0	1.932421
-28748.000000	0	0	1.570787
-28316.000000	0	0	1.460028
-27472.000000	0	0	1.113133
-26836.000000	0	0	1.756935
-27575.000000	0	0	1.104708
-27490.000000	0	0	1.235354
-27060.000000	0	0	1.011688
-27812.000000	0	0	1.753315
-26940.000000	0	0	1.442530
-27155.000000	0	0	1.360382
-27900.000000	0	0	1.783180
-28682.000000	0	0	1.544412
-28342.000000	0	0	1.014780
-28361.000000	0	0	1.072343
-28287.000000	0	0	1.990083
-29023.000000	0	0	1.322303
-28635.000000	0	0	1.665197
-28207.000000	0	0	1.043602
-29117.000000	0	0	1.565919
-28771.000000	0	0	1.915760
-28167.000000	0	0	1.753341
-28097.000000	0	0	1.027337
-28772.000000	0	0	1.074428
-29491.000000	0	0	1.416037
-29006.000000	0	0	1.898060
-30000.000000	0	0	1.355728
-30486.000000	0	0	1.999772
-30685.000000	0	0	1.235124
-29981.000000	0	0	1.504091
-30493.000000	0	0	1.583304
-30597.000000	0	0	1.265792
-31569.000000	0	0	1.421153
-32338.000000	0	0	1.000257
-32414.000000	0	0	1.335519
-31597.000000	0	0	1.175213
-31630.000000	0	0	1.814579
-31425.000000	0	0	1.881573
-30618.000000	0	0	1.998557
-29988.000000	0	0	1.005272
-30768.000000	0	0	1.526936
-29956.000000	0	0	1.372765
-30005.000000	0	0	1.881495
-29454.000000	0	0	1.000004
-29932.000000	0	0	1.209967
-29114.000000	0	0	1.424805
-29852.000000	0	0	1.693596
-30794.000000	0	0	1.988207
-31561.000000	0	0	1.717659
-32375.000000	0	0	1.398406
-32280.000000	0	0	1.981756
-32546.000000	0	0	1.386505
-33303.000000	0	0	1.270600
-32367.000000	0	0	1.456344
-31663.000000	0	0	1.195851
-32106.000000	0	0	1.224717
-31721.000000	0	0	1.889429
-32332.000000	0	0	1.086884
-33239.000000	0	0	1.338615
-33625.000000	0	0	1.741089
-33503.000000	0	0	1.242466
-33582.000000	0	0	1.002986
-34412.000000	0	0	1.286552
-34138.000000	0	0	1.013527
-33701.000000	0	0	1.177733
-34494.000000	0	0	1.597434
-34070.000000	0	0	1.706680
-33705.000000	0	0	1.168670
-34291.000000	0	0	1.756392
-34192.000000	0	0	1.210261
-33621.000000	0	0	1.898297
-33749.000000	0	0	1.182133
-34547.000000	0	0	1.210286
-34101.000000	0	0	1.302663
-33847.000000	0	0	1.753757
-34641.000000	0	0	1.051356
-34733.000000	0	0	1.812074
-33793.000000	0	0	1.195994
-33546.000000	0	0	1.994586
-33770.000000	0	0	1.273407
-33776.000000	0	0	1.547943
-32855.000000	0	0	1.950645
-32075.000000	0	0	1.623125
-31110.000000	0	0	1.136720
-30818.000000	0	0	1.270412
-30828.000000	0	0	1.811815
-31434.000000	0	0	1.509306
-32310.000000	0	0	1.081963
-32081.000000	0	0	1.343875
-31915.000000	0	0	1.818754
-31056.000000	0	0	1.045175
-30141.000000	0	0	1.717768
-30327.000000	0	0	1.127200
-30100.000000	0	0	1.847789
-29327.000000	0	0	1.946875
-28505.000000	0	0	1.056938
-29326.000000	0	0	1.517973
-28763.000000	0	0	1.021879
-28029.000000	0	0	1.918420
-28701.000000	0	0	1.690016
-28109.000000	0	0	1.151839
-28704.000000	0	0	1.553221
-29228.000000	0	0	1.036694
-28569.000000	0	0	1.639913
-29067.000000	0	0	1.305870
-30008.000000	0	0	1.775992
-30795.000000	0	0	1.198673
-30781.000000	0	0	1.898151
-30717.000000	0	0	1.006045
-30606.000000	0	0	1.677100
-30650.000000	0	0	1.660437
-30032.000000	0	0	1.003019
-30004.000000	0	0	1.047353
-29833.000000	0	0	1.821525
-29772.000000	0	0	1.412276
-29278.000000	0	0	1.005281
-28400.000000	0	0	1.999994
-27493.000000	0	0	1.364428
-27757.000000	0	0	1.266005
-26897.000000	0	0	1.063382
-26152.000000	0	0	1.034946
-26329.000000	0	0	1.596754
-26340.000000	0	0	1.398908
-26131.000000	0	0	1.517702
-25347.000000	0	0	1.652460
-25612.000000	0	0	1.027268
-26217.000000	0	0	1.841618
-26171.000000	0	0	1.001413
-26939.000000	0	0	1.975551
-26838.000000	0	0	1.656674
-26426.000000	0	0	1.224314
-26240.000000	0	0	1.023118
-26276.000000	0	0	1.923120
-26673.000000	0	0	1.407562
-26686.000000	0	0	1.065493
-25919.000000	0	0	1.425074
-25978.000000	0	0	1.971261
-26620.000000	0	0	1.079239
-26755.000000	0	0	1.133362
-26257.000000	0	0	1.825157
-25381.000000	0	0	1.994687
-25281.000000	0	0	1.677523
-24930.000000	0	0	1.011727
-25749.000000	0	0	1.764565
-25034.000000	0	0	1.047174
-25335.000000	0	0	1.133444
-24468.000000	0	0	1.084186
-24346.000000	0	0	1.050971
-23413.000000	0	0	1.076771
-22505.000000	0	0	1.039870
-23281.000000	0	0	1.050931
-22577.000000	0	0	1.003089
-23549.000000	0	0	1.863428
-24159.000000	0	0	1.976925
-23905.000000	0	0	1.660980
-24636.000000	0	0	1.869511
-25212.000000	0	0	1.566248
-24249.000000	0	0	1.334865
-23920.000000	0	0	1.992543
-23522.000000	0	0	1.390491
-23929.000000	0	0	1.760624
-23054.000000	0	0	1.298213
-22867.000000	0	0	1.630928
-21985.000000	0	0	1.981989
-22853.000000	0	0	1.243241
-22920.000000	0	0	1.238995
-22102.000000	0	0	1.390608
-21917.000000	0	0	1.099639
-22091.000000	0	0	1.605069
-21842.000000	0	0	1.005929
-22802.000000	0	0	1.900737
-23712.000000	0	0	1.543992
-24227.000000	0	0	1.326536
-23412.000000	0	0	1.434045
-23772.000000	0	0	1.824997
-23180.000000	0	0	1.057148
-23445.000000	0	0	1.579091
-24192.000000	0	0	1.027229
-25009.000000	0	0	1.118664
-24085.000000	0	0	1.000403
-24209.000000	0	0	1.987288
-24174.000000	0	0	1.721910
-24993.000000	0	0	1.003553
-25077.000000	0	0	1.477966
-24358.000000	0	0	1.110360
-23585.000000	0	0	1.235635
-23567.000000	0	0	1.112923
-23000.000000	0	0	1.848222
-22092.000000	0	0	1.900773
-22822.000000	0	0	1.009933
-22522.000000	0	0	1.993970
-23263.000000	0	0	1.775514
-22769.000000	0	0	1.091465
-23138.000000	0	0	1.971342
-23311.000000	0	0	1.860684
-22609.000000	0	0	1.254229
-21620.000000	0	0	1.818080
-21029.000000	0	0	1.464206
-21338.000000	0	0	1.911139
-20537.000000	0	0	1.841970
-20898.000000	0	0	1.984290
-20958.000000	0	0	1.822101
-20349.000000	0	0	1.382135
-20085.000000	0	0	1.487234
-19371.000000	0	0	1.996368
-19861.000000	0	0	1.978034
-20530.000000	0	0	1.908103
-20247.000000	0	0	1.713644
-19472.000000	0	0	1.842036
-20299.000000	0	0	1.152315
-20002.000000	0	0	1.752743
-19404.000000	0	0	1.002210
-20022.000000	0	0	1.652891
-20116.000000	0	0	1.860872
-19251.000000	0	0	1.604833
-18591.000000	0	0	1.342787
-18764.000000	0	0	1.552382
-19721.000000	0	0	1.116218
-19772.000000	0	0	1.142185
-19776.000000	0	0	1.897585
-19208.000000	0	0	1.911242
-19691.000000	0	0	1.767831
-19261.000000	0	0	1.989107
-20014.000000	0	0	1.216526
-19244.000000	0	0	1.030040
-19750.000000	0	0	1.136058
-20564.000000	0	0	1.420230
-19858.000000	0	0	1.999949
-20153.000000	0	0	1.902908
-20089.000000	0	0	1.007340
-20489.000000	0	0	1.797081
-20580.000000	0	0	1.705636
-21376.000000	0	0	1.677833
-22084.000000	0	0	1.030122
-21110.000000	0	0	1.004639
-22075.000000	0	0	1.318094
-21516.000000	0	0	1.517310
-21648.000000	0	0	1.570190
-21081.000000	0	0	1.373494
-20183.000000	0	0	1.026016
-20013.000000	0	0	1.243448
-19256.000000	0	0	1.146073
-19766.000000	0	0	1.385448
-20534.000000	0	0	1.726427
-19917.000000	0	0	1.587521
-20586.000000	0	0	1.428980
-19678.000000	0	0	1.351300
-20621.000000	0	0	1.838044
-21134.000000	0	0	1.764897
-21390.000000	0	0	1.202221
-20674.000000	0	0	1.464176
-20644.000000	0	0	1.686133
-20623.000000	0	0	1.000226
-20303.000000	0	0	1.195086
-21055.000000	0	0	1.997882
-20777.000000	0	0	1.005915
-21401.000000	0	0	1.794212
-21143.000000	0	0	1.993382
-21642.000000	0	0	1.824860
-20999.000000	0	0	1.686105
-21210.000000	0	0	1.199323
-21696.000000	0	0	1.974260
-22473.000000	0	0	1.139688
-21945.000000	0	0	1.314617
-22378.000000	0	0	1.822009
-23155.000000	0	0	1.011759
-23512.000000	0	0	1.900701
-23993.000000	0	0	1.627084
-23318.000000	0	0	1.206295
-23989.000000	0	0	1.959943
-23968.000000	0	0	1.495752
-23618.000000	0	0	1.775540
-22633.000000	0	0	1.322810
-23116.000000	0	0	1.974221
-24103.000000	0	0	1.583839
-24408.000000	0	0	1.322669
-23618.000000	0	0	1.775540
-23243.000000	0	0	1.005356
-23023.000000	0	0	1.025939
-22814.000000	0	0	1.940766
-23206.000000	0	0	1.343159
-22698.000000	0	0	1.999952
-22199.000000	0	0	1.764820
-21367.000000	0	0	1.266485
-22158.000000	0	0	1.884338
-23111.000000	0	0	1.015881
-23916.000000	0	0	1.343216
-23755.000000	0	0	1.023182
-24371.000000	0	0	1.008996
-24702.000000	0	0	1.886871
-24580.000000	0	0	1.968272
-25086.000000	0	0	1.860580
-24659.000000	0	0	1.644064
-24475.000000	0	0	1.168084
-23986.000000	0	0	1.996415
-24343.000000	0	0	1.130310
-24258.000000	0	0	1.036535
-23276.000000	0	0	1.996408
-23483.000000	0	0	1.844687
-23373.000000	0	0	1.811320
-23396.000000	0	0	1.718283
-22881.000000	0	0	1.504694
-22952.000000	0	0	1.790087
-23627.000000	0	0	1.368612
-22954.000000	0	0	1.002181
-23948.000000	0	0	1.875376
-23306.000000	0	0	1.008979
-22894.000000	0	0	1.121774
-22808.000000	0	0	1.998607
-22036.000000	0	0	1.416661
-21341.000000	0	0	1.974269
-22149.000000	0	0	1.513604
-22496.000000	0	0	1.343102
-21780.000000	0	0	1.622278
-22090.000000	0	0	1.011779
-22995.000000	0	0	1.012619
-22402.000000	0	0	1.587729
-23267.000000	0	0	1.872716
-23715.000000	0	0	1.403074
-24122.000000	0	0	1.433986
-23224.000000	0	0	1.049209
-23493.000000	0	0	1.971332
-24100.000000	0	0	1.442770
-23435.000000	0	0	1.081550
-22805.000000	0	0	1.968325
-23778.000000	0	0	1.570369
-22858.000000	0	0	1.948846
-22401.000000	0	0	1.015896
-22125.000000	0	0	1.107306
-21951.000000	0	0	1.592729
-22654.000000	0	0	1.999394
-22031.000000	0	0	1.301722
-21828.000000	0	0	1.954798
-21811.000000	0	0	1.223987
-21078.000000	0	0	1.243371
-20305.000000	0	0	1.399410
-20484.000000	0	0	1.469518
-21360.000000	0	0	1.906038
-22083.000000	0	0	1.540117
-22266.000000	0	0	1.001438
-22598.000000	0	0	1.749615
-22629.000000	0	0	1.988356
-23271.000000	0	0	1.116025
-23048.000000	0	0	1.084253
-23062.000000	0	0	1.824951
-22205.000000	0	0	1.951036
-22737.000000	0	0	1.074697
-23456.000000	0	0	1.416542
-22783.000000	0	0	1.971352
-23170.000000	0	0	1.531198
-22305.000000	0	0	1.908190
-22696.000000	0	0	1.178448
-23250.000000	0	0	1.360063
-22716.000000	0	0	1.429159
-22555.000000	0	0	1.004149
-22890.000000	0	0	1.878577
-22664.000000	0	0	1.726266
-22215.000000	0	0	1.487053
-22423.000000	0	0	1.013758
-22284.000000	0	0	1.601382
-23058.000000	0	0	1.076755
-24054.000000	0	0	1.148680
-23226.000000	0	0	1.958356
-22832.000000	0	0	1.209476
-22988.000000	0	0	1.322782
-22727.000000	0	0	1.566457
-22434.000000	0	0	1.987254
-22852.000000	0	0	1.996974
-22229.000000	0	0	1.377055
-22706.000000	0	0	1.019223
-22684.000000	0	0	1.016868
-23314.000000	0	0	1.943073
-23135.000000	0	0	1.905950
-23956.000000	0	0	1.045425
-23499.000000	0	0	1.987274
-24165.000000	0	0	1.983017
-23857.000000	0	0	1.936562
-24099.000000	0	0	1.975477
-23369.000000	0	0	1.067612
-23026.000000	0	0	1.089236
-23796.000000	0	0	1.000042
-24055.000000	0	0	1.969704
-24367.000000	0	0	1.478026
-23456.000000	0	0	1.416542
-22826.000000	0	0	1.473190
-22898.000000	0	0	1.231487
-23099.000000	0	0	1.181436
-22494.000000	0	0	1.961844
-22981.000000	0	0	1.938916
-22157.000000	0	0	1.630870
-22896.000000	0	0	1.994718
-23775.000000	0	0	1.705883
-23927.000000	0	0	1.652575
-24816.000000	0	0	1.718175
-24927.000000	0	0	1.001095
-25047.000000	0	0	1.368728
-24507.000000	0	0	1.713971
-24804.000000	0	0	1.185136
-25213.000000	0	0	1.021791
-25074.000000	0	0	1.339272
-24125.000000	0	0	1.575100
-24521.000000	0	0	1.416453
-24788.000000	0	0	1.451511
-24553.000000	0	0	1.013716
-25333.000000	0	0	1.482243
-25283.000000	0	0	1.737711
-26184.000000	0	0	1.148809
-25264.000000	0	0	1.596665
-24509.000000	0	0	1.018138
-24221.000000	0	0	1.605246
-24614.000000	0	0	1.863490
-25066.000000	0	0	1.517612
-24574.000000	0	0	1.801106
-24085.000000	0	0	1.000403
-24747.000000	0	0	1.609828
-25392.000000	0	0	1.005975
-26232.000000	0	0	1.913424
-25766.000000	0	0	1.051024
-25371.000000	0	0	1.768238
-25158.000000	0	0	1.984200
-24694.000000	0	0	1.220703
-24647.000000	0	0	1.127522
-23750.000000	0	0	1.818220
-22979.000000	0	0	1.031863
-23107.000000	0	0	1.694124
-22236.000000	0	0	1.963286
-22065.000000	0	0	1.000576
-21555.000000	0	0	1.741986
-21979.000000	0	0	1.835370
-21709.000000	0	0	1.686049
-20729.000000	0	0	1.513725
-20678.000000	0	0	1.998620
-20987.000000	0	0	1.158686
-20707.000000	0	0	1.522570
-21630.000000	0	0	1.981997
-21047.000000	0	0	1.009963
-20586.000000	0	0	1.428980
-19833.000000	0	0	1.984313
-20783.000000	0	0	1.041919
-20793.000000	0	0	1.130107
-20506.000000	0	0	1.460689
-19850.000000	0	0	1.023282
-20758.000000	0	0	1.005386
-19932.000000	0	0	1.027112
-19062.000000	0	0	1.142142
-19834.000000	0	0	1.185464
-20550.000000	0	0	1.443069
-20527.000000	0	0	1.972566
-19835.000000	0	0	1.277474
-19754.000000	0	0	1.892156
-19254.000000	0	0	1.464055
-19609.000000	0	0	1.464085
-18962.000000	0	0	1.630608
-18985.000000	0	0	1.878793
-19321.000000	0	0	1.958488
-20054.000000	0	0	1.121932
-19435.000000	0	0	1.199443
-18650.000000	0	0	1.004192
-19558.000000	0	0	1.000223
-19771.000000	0	0	1.331341
-19007.000000	0	0	1.872957
-18026.000000	0	0	1.803986
-18186.000000	0	0	1.604745
-18691.000000	0	0	1.008905
-18702.000000	0	0	1.990244
-19522.000000	0	0	1.979619
-20477.000000	0	0	1.990214
-20300.000000	0	0	1.317954
-21287.000000	0	0	1.824837
-20735.000000	0	0	1.779767
-20148.000000	0	0	1.323007
-19850.000000	0	0	1.023282
-19877.000000	0	0	1.979611
-19791.000000	0	0	1.261763
-19040.000000	0	0	1.136017
-18622.000000	0	0	1.043271
-19258.000000	0	0	1.998629
-20254.000000	0	0	1.977025
-20362.000000	0	0	1.053217
-20363.000000	0	0	1.481822
-21155.000000	0	0	1.782708
-20171.000000	0	0	1.154793
-19471.000000	0	0	1.689290
-18769.000000	0	0	1.185534
-18407.000000	0	0	1.842102
-18769.000000	0	0	1.185534
-18525.000000	0	0	1.317813
-19033.000000	0	0	1.110643
-18586.000000	0	0	1.890128
-18848.000000	0	0	1.000221
-17954.000000	0	0	1.959742
-17887.000000	0	0	1.112618
-18672.000000	0	0	1.003126
-17993.000000	0	0	1.206661
-17724.000000	0	0	1.419992
-17737.000000	0	0	1.824608
-18294.000000	0	0	1.765102
-17781.000000	0	0	1.837866
-17270.000000	0	0	1.619060
-16622.000000	0	0	1.972458
-16448.000000	0	0	1.036287
-16623.000000	0	0	1.452201
-16997.000000	0	0	1.306815
-16252.000000	0	0	1.734603
-15623.000000	0	0	1.980454
-15251.000000	0	0	1.019050
-15211.000000	0	0	1.688956
-14805.000000	0	0	1.058655
-13950.000000	0	0	1.057513
-13879.000000	0	0	1.721127
-14348.000000	0	0	1.884762
-14886.000000	0	0	1.178956
-15672.000000	0	0	1.026994
-16659.000000	0	0	1.419903
-15688.000000	0	0	1.194775
-15166.000000	0	0	1.001484
-14169.000000	0	0	1.835861
-13902.000000	0	0	1.808837
-13170.000000	0	0	1.815796
-13714.000000	0	0	1.340186
-14438.000000	0	0	1.525551
-13849.000000	0	0	1.426087
-14557.000000	0	0	1.174115
-13615.000000	0	0	1.621606
-12831.000000	0	0	1.549713
-12439.000000	0	0	1.018412
-11638.000000	0	0	1.000899
-12621.000000	0	0	1.116605
-11935.000000	0	0	1.992010
-12171.000000	0	0	1.794846
-13128.000000	0	0	1.569473
-12973.000000	0	0	1.042185
-13781.000000	0	0	1.154401
-13104.000000	0	0	1.835928
-12965.000000	0	0	1.880559
-13220.000000	0	0	1.968610
-12729.000000	0	0	1.551872
-13709.000000	0	0	1.376354
-13517.000000	0	0	1.085986
-14336.000000	0	0	1.374048
-14975.000000	0	0	1.317532
-14041.000000	0	0	1.116528
-14886.000000	0	0	1.178956
-14506.000000	0	0	1.089648
-14746.000000	0	0	1.647265
-14936.000000	0	0	1.417256
-14209.000000	0	0	1.831063
-13705.000000	0	0	1.038676
-14177.000000	0	0	1.284999
-13748.000000	0	0	1.855071
-13855.000000	0	0	1.702967
-14034.000000	0	0	1.765408
-14266.000000	0	0	1.999230
-13764.000000	0	0	1.602091
-13901.000000	0	0	1.729030
-13796.000000	0	0	1.089683
-14032.000000	0	0	1.005828
-13111.000000	0	0	1.179072
-12803.000000	0	0	1.282933
-12190.000000	0	0	1.661921
-12811.000000	0	0	1.837555
-12065.000000	0	0	1.079908
-11860.000000	0	0	1.780391
-12097.000000	0	0	1.085919
-11962.000000	0	0	1.141722
-12955.000000	0	0	1.359224
-12549.000000	0	0	1.008414
-12356.000000	0	0	1.986583
-12744.000000	0	0	1.016651
-11977.000000	0	0	1.100145
-12697.000000	0	0	1.062796
-13351.000000	0	0	1.516617
-13966.000000	0	0	1.002484
-13576.000000	0	0	1.146414
-12996.000000	0	0	1.516587
-12172.000000	0	0	1.010114
-12683.000000	0	0	1.855135
-13234.000000	0	0	1.001676
-14110.000000	0	0	1.199805
-14855.000000	0	0	1.000435
-14697.000000	0	0	1.653321
-14091.000000	0	0	1.331796
-15059.000000	0	0	1.049509
-15965.000000	0	0	1.705279
-16164.000000	0	0	1.765255
-15578.000000	0	0	1.160962
-15827.000000	0	0	1.886393
-15599.000000	0	0	1.298792
-16119.000000	0	0	1.760057
-16963.000000	0	0	1.000872
-16637.000000	0	0	1.411179
-16940.000000	0	0	1.742329
-15998.000000	0	0	1.282689
-16255.000000	0	0	1.848633
-16953.000000	0	0	1.323261
-17134.000000	0	0	1.940538
-17579.000000	0	0	1.046906
-17703.000000	0	0	1.984358
-16763.000000	0	0	1.737074
-17589.000000	0	0	1.508130
-17533.000000	0	0	1.948646
-17944.000000	0	0	1.508160
-17939.000000	0	0	1.765127
-18165.000000	0	0	1.906196
-19127.000000	0	0	1.306649
-20106.000000	0	0	1.963218
-20196.000000	0	0	1.071984
-21025.000000	0	0	1.011798
-21865.000000	0	0	1.782758
-22067.000000	0	0	1.808291
-22508.000000	0	0	1.003528
-22410.000000	0	0	1.274267
-23285.000000	0	0	1.782857
-23641.000000	0	0	1.757168
-23389.000000	0	0	1.975458
-24048.000000	0	0	1.394435
-24994.000000	0	0	1.760701
-25664.000000	0	0	1.895233
-26078.000000	0	0	1.875495
-26908.000000	0	0	1.934444
-25942.000000	0	0	1.086579
-25573.000000	0	0	1.821802
-26368.000000	0	0	1.669136
-25928.000000	0	0	1.821778
-25291.000000	0	0	1.145711
-26168.000000	0	0	1.010775
-26897.000000	0	0	1.063382
-26228.000000	0	0	1.161627
-26031.000000	0	0	1.944999
-25907.000000	0	0	1.020541
-25700.000000	0	0	1.039976
-25238.000000	0	0	1.000238
-25032.000000	0	0	1.956437
-25841.000000	0	0	1.028747
-26221.000000	0	0	1.089081
-25520.000000	0	0	1.442650
-25672.000000	0	0	1.209672
-24918.000000	0	0	1.195396
-24296.000000	0	0	1.224163
-25230.000000	0	0	1.983040
-25042.000000	0	0	1.872615
-24704.000000	0	0	1.007407
-24566.000000	0	0	1.096721
-24340.000000	0	0	1.239098
-23956.000000	0	0	1.045425
-23819.000000	0	0	1.721883
-23333.000000	0	0	1.854498
-22885.000000	0	0	1.004660
-23320.000000	0	0	1.998215
-23337.000000	0	0	1.099566
-23088.000000	0	0	1.821963
-23249.000000	0	0	1.121755
-23390.000000	0	0	1.442829
-23337.000000	0	0	1.099566
-22876.000000	0	0	1.224063
-22899.000000	0	0	1.995267
-22748.000000	0	0	1.927613
-21830.000000	0	0	1.359948
-21902.000000	0	0	1.142311
-20925.000000	0	0	1.167858
-21125.000000	0	0	1.356450
-21876.000000	0	0	1.213603
-22293.000000	0	0	1.934638
-22210.000000	0	0	1.238944
-22371.000000	0	0	1.922943
-23038.000000	0	0	1.583928
-22868.000000	0	0	1.884299
-23385.000000	0	0	1.277744
-23832.000000	0	0	1.985221
-24259.000000	0	0	1.863470
-25169.000000	0	0	1.016922
-26078.000000	0	0	1.875495
-26945.000000	0	0	1.818429
-27649.000000	0	0	1.975570
-26972.000000	0	0	1.020516
-26873.000000	0	0	1.966683
-26373.000000	0	0	1.614058
-26640.000000	0	0	1.579359
-25886.000000	0	0	1.561774
-26008.000000	0	0	1.102090
-25854.000000	0	0	1.067718
-25176.000000	0	0	1.561715
-24854.000000	0	0	1.425163
-24513.000000	0	0	1.438082
-23747.000000	0	0	1.913306
-24129.000000	0	0	1.000006
-25052.000000	0	0	1.347678
-24962.000000	0	0	1.209623
-25785.000000	0	0	1.136410
-25867.000000	0	0	1.411950
-26047.000000	0	0	1.996944
-25966.000000	0	0	1.548603
-26350.000000	0	0	1.011701
-25753.000000	0	0	1.041750
-26156.000000	0	0	1.385977
-26103.000000	0	0	1.775716
-26316.000000	0	0	1.188520
-26903.000000	0	0	1.000823
-25976.000000	0	0	1.065523
-26336.000000	0	0	1.999172
-26288.000000	0	0	1.438231
-27010.000000	0	0	1.024497
-26624.000000	0	0	1.293984
-26738.000000	0	0	1.990988
-25779.000000	0	0	1.377347
-26193.000000	0	0	1.000826
-25464.000000	0	0	1.031789
-25293.000000	0	0	1.998591
-24745.000000	0	0	1.059052
-24996.000000	0	0	1.006701
-25188.000000	0	0	1.076851
-24974.000000	0	0	1.008222
-24585.000000	0	0	1.202439
-24293.000000	0	0	1.351674
-24374.000000	0	0	1.002170
-25088.000000	0	0	1.526454
-24341.000000	0	0	1.996419
-25146.000000	0	0	1.592462
-24546.000000	0	0	1.548723
-24500.000000	0	0	1.081599
-23681.000000	0	0	1.897786
-23731.000000	0	0	1.689625
-24391.000000	0	0	1.897822
-24377.000000	0	0	1.035001
-24719.000000	0	0	1.339300
-24207.000000	0	0	1.266272
-24481.000000	0	0	1.019265
-24772.000000	0	0	1.733963
-23893.000000	0	0	1.139605
-23857.000000	0	0	1.936562
-24796.000000	0	0	1.689709
-25590.000000	0	0	1.024460
-26128.000000	0	0	1.656617
-25605.000000	0	0	1.274025
-25827.000000	0	0	1.998898
-25877.000000	0	0	1.913407
-25495.000000	0	0	1.314337
-26436.000000	0	0	1.768314
-26462.000000	0	0	1.872535
-26211.000000	0	0	1.592373
-27136.000000	0	0	1.224364
-26530.000000	0	0	1.535409
-26336.000000	0	0	1.999172
-25769.000000	0	0	1.007422
-25585.000000	0	0	1.983048
-24847.000000	0	0	1.979491
-24494.000000	0	0	1.293820
-25008.000000	0	0	1.364632
-24525.000000	0	0	1.024432
-23792.000000	0	0	1.566367
-23185.000000	0	0	1.997866
-23087.000000	0	0	1.713862
-23675.000000	0	0	1.998217
-23643.000000	0	0	1.656417
-24342.000000	0	0	1.347736
-23656.000000	0	0	1.963331
-23759.000000	0	0	1.420498
-23934.000000	0	0	1.049183
-23393.000000	0	0	1.583898
-23467.000000	0	0	1.587818
-22770.000000	0	0	1.932133
-22970.000000	0	0	1.058981
-23314.000000	0	0	1.943073
-23959.000000	0	0	1.121715
-23855.000000	0	0	1.399114
-23619.000000	0	0	1.764718
-22753.000000	0	0	1.000231
-22806.000000	0	0	1.145860
-23532.000000	0	0	1.009921
-23952.000000	0	0	1.772160
-23527.000000	0	0	1.857293
-23928.000000	0	0	1.003542
-24678.000000	0	0	1.495692
-24855.000000	0	0	1.081616
-24832.000000	0	0	1.433926
-25200.000000	0	0	1.079304
-25264.000000	0	0	1.596665
-25141.000000	0	0	1.155098
-24506.000000	0	0	1.000042
-25446.000000	0	0	1.385918
-24595.000000	0	0	1.745408
-24440.000000	0	0	1.000402
-25303.000000	0	0	1.669221
-25827.000000	0	0	1.998898
-24829.000000	0	0	1.298075
-24111.000000	0	0	1.561625
-24866.000000	0	0	1.915944
-23914.000000	0	0	1.961798
-24314.000000	0	0	1.121695
-24463.000000	0	0	1.697841
-24081.000000	0	0	1.592551
-24576.000000	0	0	1.605275
-25015.000000	0	0	1.004684
-25574.000000	0	0	1.018114
-25665.000000	0	0	1.057050
-26183.000000	0	0	1.322528
-26564.000000	0	0	1.067748
-26200.000000	0	0	1.403281
-26433.000000	0	0	1.875515
-26247.000000	0	0	1.285925
-26785.000000	0	0	1.952816
-26793.000000	0	0	1.005312
-26065.000000	0	0	1.491152
-26216.000000	0	0	1.689820
-26658.000000	0	0	1.000241
-26403.000000	0	0	1.242983
-27222.000000	0	0	1.990101
-27549.000000	0	0	1.866511
-28270.000000	0	0	1.136555
-28306.000000	0	0	1.938700
-29044.000000	0	0	1.999420
-29854.000000	0	0	1.722342
-29275.000000	0	0	1.004734
-28559.000000	0	0	1.118859
-28143.000000	0	0	1.668994
-28540.000000	0	0	1.040071
-29050.000000	0	0	1.908521
-28451.000000	0	0	1.548393
-28520.000000	0	0	1.660609
-28450.000000	0	0	1.932376
-28502.000000	0	0	1.009838
-28110.000000	0	0	1.318571
-27682.000000	0	0	1.020499
-26849.000000	0	0	1.339129
-26243.000000	0	0	1.084103
-26226.000000	0	0	1.999761
-26354.000000	0	0	1.464657
-26186.000000	0	0	1.460208
-25832.000000	0	0	1.063338
-26704.000000	0	0	1.800962
-27194.000000	0	0	1.866532
-27118.000000	0	0	1.949005
-27496.000000	0	0	1.504302
-28087.000000	0	0	1.158246
-28866.000000	0	0	1.250432
-28202.000000	0	0	1.994044
-27511.000000	0	0	1.994661
-28269.000000	0	0	1.339015
-28141.000000	0	0	1.033406
-27521.000000	0	0	1.635334
-27685.000000	0	0	1.079190
-26903.000000	0	0	1.000823
-27719.000000	0	0	1.557255
-27719.000000	0	0	1.557255
-27181.000000	0	0	1.996447
-27474.000000	0	0	1.513152
-27672.000000	0	0	1.433687
-27701.000000	0	0	1.000046
-28451.000000	0	0	1.548393
-29179.000000	0	0	1.987382
-28842.000000	0	0	1.326904
-28906.000000	0	0	1.958163
-29059.000000	0	0	1.553251
-29558.000000	0	0	1.102272
-29441.000000	0	0	1.178010
-29074.000000	0	0	1.017008
-28614.000000	0	0	1.866450
-28040.000000	0	0	1.079173
-27884.000000	0	0	1.509004
-28684.000000	0	0	1.094065
-29186.000000	0	0	1.677213
-28463.000000	0	0	1.971191
-28982.000000	0	0	1.477635
-29611.000000	0	0	1.006637
-29535.000000	0	0	1.398642
-29033.000000	0	0	1.000812
-28931.000000	0	0	1.994644
-29725.000000	0	0	1.535680
-29633.000000	0	0	1.005277
-28745.000000	0	0	1.706268
-27980.000000	0	0	1.314141
-27489.000000	0	0	1.995874
-27029.000000	0	0	1.091674
-26175.000000	0	0	1.535379
-26518.000000	0	0	1.966672
-26829.000000	0	0	1.960038
-26025.000000	0	0	1.997843
-26923.000000	0	0	1.811555
-26785.000000	0	0	1.952816
-26192.000000	0	0	1.733857
-27076.000000	0	0	1.033373
-26745.000000	0	0	1.660752
-26759.000000	0	0	1.216998
-25814.000000	0	0	1.797444
-26585.000000	0	0	1.442560
-25917.000000	0	0	1.174847
-26709.000000	0	0	1.464687
-26244.000000	0	0	1.420706
-25668.000000	0	0	1.139500
-25889.000000	0	0	1.420677
-25859.000000	0	0	1.726024
-26327.000000	0	0	1.808006
-27245.000000	0	0	1.198914
-27403.000000	0	0	1.195564
-28296.000000	0	0	1.898023
-27322.000000	0	0	1.825226
-27872.000000	0	0	1.956535
-28340.000000	0	0	1.908486
-29123.000000	0	0	1.821571
-29498.000000	0	0	1.000249
-30097.000000	0	0	1.733564
-29655.000000	0	0	1.004072
-30209.000000	0	0	1.722369
-31206.000000	0	0	1.717686
-32138.000000	0	0	1.776143
-32243.000000	0	0	1.450881
-32346.000000	0	0	1.973972
-31549.000000	0	0	1.184691
-31257.000000	0	0	1.074317
