0.04777886
0.05433775
0.04988483
0.05327897
0.05531562
0.05180305
0.04593483
0.05128317
0.05137688
0.04804061
0.05222447
0.05200623
0.05071746
0.05452802
0.05271271
0.0502495
0.05129463
0.04844489
0.05484362
0.04992481
0.05198784
0.04880565
0.05826693
0.04830663
0.054866
0.0494469
0.04944135
0.04686954
0.07005102
0.04974812
0.04992746
0.05177447
0.04817725
0.05168856
0.04786453
0.05317347
0.04962104
0.04821577
0.05196564
0.05173173
0.05126266
0.0437765
0.05033131
0.05472228
0.048029
0.05011246
0.05109125
0.08953758
0.04686794
0.05224998
0.04844937
0.05379744
0.04793144
0.05025175
0.05086466
0.0495718
0.08991974
0.05356779
0.05295693
0.04912221
0.04957234
0.04942045
0.04889585
0.04817486
0.0503044
0.05017041
0.05007463
0.05022297
0.05392928
0.05314835
0.04877433
0.05464752
0.0463943
0.04694636
0.05136013
0.04932552
0.04793334
0.04782191
0.04917182
0.04929793
0.04853795
0.05077934
0.04666225
0.05096139
0.05035269
0.04994294
0.05196673
0.05067296
0.04996575
0.05273988
0.04978475
0.04708061
0.04805146
0.05222019
0.04852224
0.04680116
0.05102163
0.0497679
0.04743883
0.05241941
0.05125779
0.04807703
0.04848644
0.04963324
0.04796851
0.04671891
0.05746099
0.04921398
0.05194624
0.05270033
0.05341208
0.0510135
0.04675447
0.05034969
0.05170692
0.04896644
0.04969225
0.05096211
0.04869598
0.04849491
0.05094652
0.04895253
0.04731368
0.05353757
0.05056978
0.05701292
0.0507243
0.0499901
0.058193
0.05148693
0.04977688
0.04833423
0.04992533
0.05172934
0.04821173
0.05379962
0.05070381
0.04995272
0.05125159
0.05032191
0.04730762
0.05560337
0.05212135
0.05198552
0.04997033
0.04879888
0.05160474
0.05281337
0.04726465
0.07613214
0.04996156
0.0479542
0.05345791
0.0492464
0.05149709
0.05479259
0.05120066
0.0520186
0.04969113
0.05690796
0.05056378
0.04947405
0.04927993
0.0515779
0.05354321
0.05405583
0.05380989
0.05024147
0.04779941
0.05831234
0.05301746
0.0507446
0.05574226
0.04920503
0.05013139
0.05057294
0.0542642
0.05025172
0.04697603
0.05152668
0.04831983
0.05066936
0.05127106
0.04841273
0.04907821
0.05218383
0.04876084
0.04912679
0.05374466
0.0534839
0.05354794
0.0543402
0.04939901
0.04860493
0.05215075
0.05022989
0.05230006
0.04970962
0.05022867
0.05383445
0.05413442
0.04764242
0.05222385
0.0505585
0.05280799
0.04973559
0.05434237
0.04740446
0.05114448
0.05339566
0.04897052
0.05071333
0.05136725
0.05609323
0.05428902
0.05206425
0.05220567
0.04974182
0.05221548
0.06795398
0.04990853
0.04928117
0.05130496
0.05172262
0.04816772
0.05044463
0.05207588
0.04912751
0.04738037
0.04981131
0.05100905
0.05160521
0.05212346
0.05145751
0.05607675
0.04988355
0.04928674
0.05154853
0.05185596
0.05350292
0.05128614
0.05155457
0.04996084
0.04989267
0.05511141
0.05178402
0.08738549
0.05253721
0.05248196
0.04929585
0.04833711
0.05330705
0.05148647
0.05062734
0.05510535
0.0560786
0.05161847
0.05052818
0.0480874
0.04965378
0.05279749
0.05296327
0.0506269
0.04999764
0.04888624
0.0524898
0.04902131
0.05310436
0.0533995
0.05044878
0.05093666
0.0500549
0.05405893
0.05544529
0.04987352
0.05288814
0.06118754
0.04940969
0.04873563
0.05174775
0.05317132
0.05220212
0.05440822
0.04824711
0.05057044
0.05180898
0.056092
0.04811703
0.05472464
0.05319643
0.05089736
0.05106235
0.05309648
0.04968057
0.05435558
0.06144226
0.05124959
0.04847086
0.0528115
0.05036901
0.05115193
0.05261052
0.0528964
0.05165511
0.04869215
0.06758315
0.05458137
0.0538277
0.05283057
0.05465803
0.05478272
0.05384203
0.05119158
0.05284821
0.05050394
0.05219688
0.05055343
0.05077205
0.05042898
0.05604301
0.05345306
0.05382819
0.05558202
0.05547025
0.0523281
0.0509933
0.05294504
0.05209482
0.05289404
0.08528143
0.05302138
0.04718589
0.0509805
0.05520754
0.05055753
0.0478221
0.05129442
0.05617739
0.0510157
0.0537561
0.05075825
0.05133669
0.05390904
0.04876716
0.05479112
0.05536297
0.05143194
0.05502794
0.05237291
0.05558346
0.05121096
0.05318761
0.05417988
0.05117756
0.05495536
0.05196347
0.05003653
0.05182823
0.05086123
0.05443017
0.05381854
0.04698721
0.05450527
0.05437648
0.05254285
0.05148853
0.0554236
0.05363069
0.04776965
0.05385781
0.05399012
0.0526075
0.0501432
0.04975362
0.05399402
0.05478023
0.05057167
0.05129166
0.0559849
0.05059537
0.05009617
0.05504669
0.05109514
0.05236521
0.05442499
0.05550268
0.05463022
0.05324203
0.05399137
0.04892926
0.05209511
0.05056279
0.0520324
0.05441676
0.05422375
0.05367972
0.05382593
0.05026663
0.04991797
0.05297499
0.05028132
0.05227243
0.05607581
0.0532966
0.05253914
0.05257764
0.05257711
0.05216011
0.05336979
0.05452939
0.05494076
0.05183575
0.05294107
0.05182488
0.05284227
0.05262393
0.05454538
0.05109091
0.05257772
0.04961569
0.05049542
0.05450696
0.05518648
0.05670518
0.04988009
0.0510767
0.05184155
0.05505853
0.05765413
0.053327
0.05623857
0.04877031
0.04913882
0.05198082
0.0553465
0.05483144
0.05511965
0.05439786
0.05357793
0.05010961
0.05333721
0.05662114
0.05380471
0.05379757
0.0548435
0.05556074
0.05444463
0.05657207
0.05104144
0.05114651
0.05525274
0.05173898
0.05307317
0.05199963
0.05630189
0.04997698
0.05361506
0.05194483
0.05343641
0.05435631
0.05064603
0.05720811
0.05087133
0.04874581
0.05339045
0.06066388
0.05244933
0.05489866
0.05211539
0.05197935
0.05239957
0.04781977
0.0540812
0.0513185
0.05251627
0.05234952
0.05118098
0.04952518
0.05472979
0.05041826
0.05083391
0.0584845
0.05173228
0.05249091
0.05008102
0.05267451
0.05447595
0.0505497
0.05189836
0.05255389
0.05574536
0.05384907
0.05391744
0.05292151
0.05044085
0.05022048
0.0493038
0.04696407
0.05098167
0.05572872
0.05233947
0.05109098
0.05028664
0.05177194
0.05474433
0.05389857
0.05018501
0.05534347
0.05153294
0.05117402
0.05790355
0.05289871
0.05630542
0.0868482
0.05512555
0.05278403
0.05503155
0.05052997
0.05593519
0.04800564
0.05963703
0.05245923
0.0537852
0.05355629
0.05044375
0.05318632
0.05405206
0.0388136
0.05032301
0.0558028
0.05941118
0.0449738
0.04811073
0.05523433
0.05377593
0.0514602
0.05427391
0.04961605
0.04966405
0.05493423
0.05225499
0.05312628
0.04865868
0.05186888
0.05374221
0.05367377
0.05514941
0.05003345
0.05756954
0.05227308
0.04988104
0.05329855
0.05297989
0.04905778
0.06380795
0.0514967
0.0524766
0.05244304
0.05189255
0.05449094
0.05195672
0.0562206
0.0545912
0.05066232
0.05606915
0.05169638
0.05409839
0.05578291
0.05106419
0.05406837
0.05162161
0.05275907
0.05581343
0.05487938
0.05090529
0.05463845
0.05584903
0.05658935
0.055013
0.05141617
0.0589337
0.05328932
0.05230648
0.05373183
0.05472083
0.05815418
0.05032222
0.05964478
0.07290727
0.05399101
0.05384966
0.04949604
0.05588559
0.05343119
0.05466759
0.05044839
0.05258321
0.05198027
0.05494446
0.05134167
0.05483223
0.0507932
0.05497705
0.05393544
0.05434541
0.05193021
0.05722936
0.05384102
0.05308319
0.05076154
0.05237383
0.05128769
0.05455982
0.05265786
0.05183421
0.05209582
0.0511213
0.05463333
0.05121598
0.05409048
0.05194265
0.05268194
0.05574905
0.05254567
0.05658276
0.05155168
0.05603047
0.0469314
0.05485028
0.0534148
0.0588499
0.05339658
0.05414344
0.05119976
0.05320494
0.05386128
0.05171075
0.05402712
0.05688207
0.05056085
0.05175035
0.0503498
0.05687587
0.05669936
0.05416371
0.04948039
0.05398883
0.05520902
0.05310294
0.05137468
0.05511343
0.0557776
0.05336134
0.05312097
0.05564779
0.05001238
0.05372906
0.05179683
0.05153048
0.05142467
0.05291911
0.05227806
0.05608944
0.05358273
0.05670025
0.05390632
0.05144659
0.05482057
0.05272017
0.05320423
0.05322566
0.0507754
0.05548711
0.0544489
0.05344592
0.05277407
0.05109129
0.05670349
0.05272573
0.05187504
0.05731783
0.05501849
0.05639958
0.05722325
0.0549649
0.05054938
0.05027385
0.05609458
0.0509959
0.05565472
0.05259084
0.05184193
0.0527377
0.05433257
0.05269082
0.05246113
0.06008299
0.04944684
0.05230649
0.05907715
0.05152681
0.05408375
0.04946341
0.05509777
0.05369147
0.05395474
0.05315315
0.05374465
0.05426308
0.05164845
0.06247945
0.05392253
0.0582498
0.0517407
0.05549847
0.05348795
0.06006944
0.05449841
0.05305037
0.05066596
0.05073235
0.05662589
0.0534719
0.05761002
0.05416941
0.05680376
0.05620983
0.05258086
0.0533063
0.0590759
0.0558079
0.05075924
0.05604189
0.05722258
0.05533943
0.05320047
0.05196962
0.05294136
0.05188729
0.05634685
0.05820929
0.05583341
0.05548426
0.0571271
0.05302983
0.05130568
0.05477862
0.05495402
0.05438522
0.05574996
0.05511827
0.05212114
0.05646839
0.05612763
0.05368195
0.05676791
0.05564825
0.0529243
0.05319593
0.05700793
0.05855495
0.05608459
0.05707391
0.05618617
0.05652223
0.05406639
0.05384795
0.05344207
0.06581165
0.05661832
0.04984462
0.05492002
0.05572528
0.05475302
0.05621002
0.05231941
0.05534109
0.05453551
0.05393044
0.05176872
0.05895918
0.05440816
0.05175121
0.05758947
0.05087438
0.05514509
0.04946431
0.05631812
0.05185295
0.05287333
0.05215974
0.05392712
0.05404786
0.05546745
0.05273799
0.05226613
0.05323864
0.05200439
0.05505525
0.05507255
0.05267586
0.05362656
0.05168801
0.05149993
0.05298139
0.05338627
0.05642681
0.05795895
0.054389
0.05214241
0.06019879
0.05369111
0.05370842
0.05548571
0.04959923
0.05204052
0.05432437
0.05263696
0.05277457
0.05786343
0.05377405
0.05505055
0.06013953
0.05398568
0.05268223
0.05477095
0.05793789
0.05651459
0.05294931
0.05603219
0.05599703
0.05334415
0.05647446
0.05389676
0.05915125
0.0518073
0.0525471
0.05240635
0.05638838
0.05425501
0.05280261
0.05701749
0.05503324
0.0561043
0.05353949
0.05092161
0.05181905
0.0568748
0.05298048
0.0556551
0.05486709
0.05717699
0.05488061
0.05462151
0.05225867
0.0550336
0.05379195
0.05121227
0.05686285
0.05673517
0.05477046
0.0533336
0.05327343
0.0537392
0.05250084
0.05858166
0.0536086
0.05546118
0.05048623
0.05208017
0.05435653
0.0537805
0.05652944
0.05613922
0.05474903
0.05662783
0.05572334
0.05357652
0.05475717
0.05440751
0.05902113
0.05603206
0.05412883
0.05249253
0.05260394
0.05934779
0.05167511
0.05694674
0.05280193
0.05479075
0.05471542
0.05587689
0.05483146
0.05440091
0.05341791
0.05943812
0.05433047
0.05329852
0.05110718
0.05672964
0.05536796
0.05447785
0.0550353
0.05598696
0.05506499
0.05926022
0.05854197
0.0548977
0.05651509
0.05215632
0.05689264
0.05649866
0.05474747
0.05628483
0.05262324
0.05289721
0.05361404
0.05600242
0.05415995
0.05885115
0.05819139
0.05671733
0.05795316
0.05574526
0.05358919
0.05234666
0.05295055
0.05260825
0.05826166
0.05789766
0.05565857
0.05156678
0.05492302
0.05722701
0.05582909
0.05823395
0.05404751
0.05658481
0.05288109
0.0528255
0.05912594
0.05402469
0.05550602
0.05605068
0.05466592
0.05609671
0.05692743
0.05275303
0.05578419
0.05271901
0.05377493
0.05544846
0.05625543
0.05512206
0.0530558
0.0554337
0.05430941
0.05204352
0.05423739
0.0517693
0.05564661
0.05362658
0.05433482
0.05761382
0.05348708
0.05500825
0.05401602
0.05325235
0.05742281
0.05430117
0.05869665
0.05840726
0.05702584
0.05292814
0.05709396
0.05907976
0.06040621
0.05049291
0.05136748
0.05821926
0.05485414
0.05481581
0.07723772
0.05246698
0.05972747
0.05367195
0.05651123
0.05517914
0.05336066
0.0569042
0.05486714
0.05620913
0.05721605
0.05538962
0.05443111
0.0523723
0.0594043
0.05681216
0.05972566
0.05578311
0.05516865
0.0556261
0.04968955
0.05527127
0.05593128
0.0527705
0.05917925
0.05363348
0.05261449
0.05132208
0.05798355
0.05513652
0.05638823
0.05279688
0.05436454
0.05414666
0.05356942
0.05753068
0.05995001
0.05992585
0.0548587
0.05499352
0.05721934
0.05581989

