x1	y
4.242065	422.397797
-0.661788	-0.321852
3.614091	234.488647
3.782840	276.997375
5.028121	796.610657
-2.826935	46.438061
-1.312550	1.116988
3.450526	198.194885
-1.944478	8.780380
1.093670	5.028621
0.251368	0.334428
1.917580	26.167017
-0.987371	-0.024626
0.647410	1.513583
5.474527	1097.746582
5.078146	826.817322
1.992829	29.650209
2.890266	105.171425
-3.442372	108.036407
1.676658	17.103966
-4.820693	446.444977
-2.328246	19.855986
-3.490453	114.599548
3.845944	294.305908
-3.276530	87.537605
-0.589612	-0.326089
-3.572305	126.453995
-3.803103	164.849503
5.988170	1542.380005
-2.599174	32.236835
0.642256	1.489826
4.230235	418.051575
1.739038	19.168694
-1.743652	5.238969
2.013075	30.645988
0.767159	2.153562
0.429413	0.726992
5.700525	1279.429932
-1.782315	5.823637
3.484935	205.448837
0.794195	2.323714
3.469052	202.076035
-0.597485	-0.326351
4.806824	672.843628
-1.883538	7.568201
-1.122958	0.312197
3.884970	305.412109
5.109291	846.054932
-4.232692	258.822998
5.442598	1073.739624
0.785949	2.270730
-4.053386	215.722473
-2.885648	50.750946
2.295496	47.426018
4.792559	665.397095
-1.162178	0.443050
-4.294116	274.976807
-4.779747	430.806915
0.034719	0.035968
-4.305946	278.172943
-2.378921	21.844664
5.676975	1259.509888
4.924289	736.575684
4.360117	467.663116
-2.066677	11.620132
0.937364	3.411657
-0.872723	-0.195679
3.362736	180.567245
0.637889	1.469920
2.344961	50.975666
0.847671	2.691615
-4.567916	356.368561
-0.185986	-0.156632
5.250185	937.331848
5.238908	929.764343
2.930476	110.432556
-1.872773	7.367165
3.123878	138.597672
2.039767	31.998177
-1.105465	0.259063
2.566475	69.444000
-3.174284	76.444847
-0.158850	-0.136988
4.680828	609.203125
4.121212	379.571320
-1.366292	1.434698
-2.481350	26.307695
4.827096	683.533569
-1.146038	0.387183
2.553369	68.226646
5.521151	1133.525635
1.475042	11.593984
2.230345	43.044510
4.445440	502.591949
-0.164841	-0.141409
5.163668	880.448730
-0.617197	-0.326266
3.962436	328.395355
2.526404	65.773491
5.020692	792.196960
0.307397	0.439866
-2.625926	33.710243
5.452776	1081.348999
5.121411	853.631470
-3.375740	99.411369
4.691684	614.500000
2.051887	32.627163
-0.248512	-0.198288
1.815561	21.961740
-1.908346	8.046256
3.646023	242.124573
-1.617963	3.617235
-0.082631	-0.076320
-2.512827	27.805117
-2.937136	54.772739
-1.961419	9.140511
1.120881	5.363981
-0.418486	-0.285974
-3.134322	72.408646
4.974844	765.363037
-3.865117	176.510086
-3.613171	132.705063
0.449885	0.784300
3.365227	181.050461
5.832268	1395.278564
5.285044	961.016052
2.528895	65.997276
-0.784928	-0.272825
3.247480	159.262665
-0.944701	-0.098864
-1.764236	5.544892
-2.445123	24.658998
1.429374	10.567141
-2.311460	19.227627
-3.323712	93.043709
3.053634	127.802101
-3.619776	133.736679
3.728174	262.636475
-3.194879	78.589409
3.195785	150.353775
-4.180172	245.585022
5.451144	1080.126343
-4.422178	311.078735
0.737197	1.976642
-3.061683	65.482330
-2.359314	21.058641
3.775779	275.109589
3.059199	128.633194
2.222200	42.519543
5.641457	1229.909058
2.034042	31.704332
3.357083	179.474533
-3.971715	197.986328
-3.516073	118.216431
0.722311	1.893102
-4.139446	235.674850
-4.231030	258.395996
-2.748794	41.128700
0.075625	0.081810
4.016450	345.178406
1.306505	8.157302
3.311389	170.824829
-4.428673	312.999634
-3.264122	86.130966
5.999929	1553.930542
-2.752385	41.362297
4.789512	663.814880
-3.619847	133.747772
5.975789	1530.289673
-4.405366	306.147308
4.575939	559.782471
-4.204383	251.622910
-4.954222	500.415619
5.153760	874.105103
1.532814	13.003947
-3.015905	61.379524
-3.205554	79.718529
-0.691407	-0.315360
5.043293	805.682800
4.016647	345.240753
-1.049951	0.110262
1.077335	4.835508
1.373730	9.414551
-0.021666	-0.021206
2.561262	68.957779
-3.903959	184.122070
0.838888	2.628214
3.330232	174.352432
-1.652753	4.025794
5.914513	1471.497192
1.346682	8.891489
4.653751	596.142395
3.225902	155.496643
1.918009	26.185936
-4.610370	370.446198
3.225832	155.484390
4.165624	394.908356
5.179142	890.426208
4.605985	573.617737
4.141413	386.490387
5.773776	1342.908813
3.181923	148.030640
4.937030	743.752502
5.819553	1383.765625
2.335684	50.294815
0.469844	0.843048
-3.196352	78.744522
4.130130	382.614319
4.778436	658.086609
-4.153059	238.953201
2.146777	37.888840
-2.271515	17.791069
1.924277	26.463438
-2.479493	26.221256
2.706820	83.549263
-1.514462	2.566145
-1.383453	1.545812
-2.454293	25.068878
-4.184229	246.589203
1.963794	28.266123
-2.539779	29.136591
2.162453	38.817596
0.617546	1.379855
5.686123	1267.219604
-1.919538	8.268776
1.007176	4.072274
2.911954	107.984840
-3.753914	156.019073
0.186318	0.228705
1.517939	12.628678
5.387499	1033.244507
-0.039907	-0.038375
-1.300138	1.049832
4.324529	453.649384
-0.220354	-0.180140
-4.964454	504.744110
-1.205627	0.608257
1.583294	14.343300
4.165676	394.926575
-2.427191	23.871771
2.430236	57.570751
0.312453	0.450115
0.301294	0.427664
-1.645487	3.938026
2.832960	98.006248
-2.991886	59.305252
1.840051	22.919420
-4.550493	350.708710
-0.446179	-0.296296
2.655822	78.192062
2.413301	56.211708
2.014042	30.694180
-1.181725	0.514642
-2.969153	57.390602
1.700164	17.860481
1.898737	25.346741
3.038023	125.492477
-1.387881	1.575277
3.144823	141.947083
-2.775660	42.900173
5.130058	859.068237
2.532322	66.306015
2.184434	40.149361
-2.170080	14.496724
0.856851	2.759177
-4.035920	211.833206
-2.134534	13.455533
4.651223	594.933716
2.547374	67.675316
-3.968857	197.386307
-3.775968	159.933167
-1.022390	0.046819
1.343596	8.833295
1.525326	12.813956
2.332123	50.035355
-1.823444	6.493935
3.533440	216.014435
-1.827826	6.568392
-1.373937	1.483604
-2.912739	52.838593
5.827995	1391.401611
-4.960636	503.125458
4.101303	372.844086
-1.353730	1.356398
-2.929789	54.184799
-0.198533	-0.165389
5.545007	1152.169189
5.108234	845.396790
3.413586	190.625549
2.689829	81.734276
-3.667425	141.358383
2.543644	67.333954
-0.777849	-0.277353
3.517009	212.390259
5.373564	1023.188232
5.079002	827.341553
4.481088	517.754639
-2.760970	41.924660
3.730225	263.164886
1.028463	4.292842
-1.729827	5.040179
4.954257	753.539917
5.006073	783.564636
4.613769	577.243713
0.479583	0.872787
1.338195	8.732199
-3.209676	80.157791
-1.986977	9.703680
4.510368	530.464966
0.416387	0.692018
0.100284	0.111450
4.338364	459.058899
0.455751	0.801268
-1.798414	6.079930
-3.015366	61.332405
2.525963	65.733955
3.003053	120.434151
-3.470360	111.821533
1.634197	15.801190
0.416639	0.692683
4.219470	414.126190
2.966772	115.351791
-3.039717	63.488956
-2.558379	30.082548
0.483780	0.885826
-3.666153	141.150833
-3.479377	113.061920
-1.035131	0.075331
-1.427123	1.851029
5.250848	937.778076
4.993331	776.099609
1.843050	23.038893
4.205105	408.931854
3.999404	339.813416
0.456819	0.804381
-1.315311	1.132239
-0.662401	-0.321747
2.247143	44.143051
1.697711	17.780336
-2.152033	13.961047
-3.336470	94.576027
-4.202005	251.024872
-3.813669	166.794128
2.119281	36.301331
-1.000419	0.000838
-1.829035	6.589036
-1.354756	1.362698
-3.997366	203.434219
-0.299395	-0.228560
5.279441	957.179138
1.419273	10.350056
-2.079926	11.963276
2.246213	44.081688
3.379556	183.848557
0.361696	0.556952
-3.270007	86.795982
4.713402	625.201050
1.882318	24.648447
0.694862	1.746325
-2.713721	38.898571
1.133167	5.521124
-0.311807	-0.235446
4.129330	382.340393
-0.661728	-0.321862
-2.312403	19.262543
-1.413852	1.754777
3.022961	123.294312
2.025196	31.254408
5.833291	1396.207764
-1.279328	0.942222
4.873163	708.301331
-3.503179	116.385635
-0.481333	-0.307491
-4.940506	494.656982
3.616102	234.963989
3.518249	212.662155
-1.769541	5.625704
-3.738654	153.353195
4.520883	535.086365
2.931064	110.510948
-4.459213	322.152252
-0.059844	-0.056464
5.851138	1412.496582
2.787000	92.534042
-2.680288	36.857655
0.212834	0.269825
4.516994	533.373291
-3.966885	196.973007
-3.904848	184.298981
-0.788145	-0.270691
-1.680606	4.374506
2.228319	42.913479
3.900048	309.787231
-3.551276	123.324692
-4.433409	314.406036
-4.412355	308.190063
0.034872	0.036132
3.589552	228.745605
2.612841	73.884560
-0.131837	-0.116446
-3.689776	145.043564
1.486004	11.851794
1.364983	9.242809
0.828891	2.557504
1.545498	13.330815
-1.018915	0.039281
-1.652860	4.027092
4.775957	656.809387
0.242431	0.318907
-3.131977	72.176842
1.707020	18.085976
0.783218	2.253397
1.808179	21.679262
1.558159	13.663498
-2.429782	23.984333
4.127891	381.848541
-4.229008	257.877350
-3.912788	185.886108
5.161006	878.741028
-3.133856	72.362480
0.299067	0.423256
-2.519600	28.135372
4.094463	370.554077
-1.800885	6.119951
-1.070876	0.162940
4.661055	599.644226
-1.213239	0.639519
3.963995	328.871002
2.250607	44.372227
-4.600399	367.102753
-2.167842	14.429510
3.560831	222.160034
1.885605	24.787025
4.197141	406.073181
-1.610278	3.530897
-2.568897	30.627449
-2.821774	46.072433
1.736862	19.093544
-3.792940	162.995117
2.420658	56.799004
3.604885	232.321411
2.914080	108.263618
-2.796124	44.287186
-0.586936	-0.325962
-1.527762	2.688230
-0.225906	-0.183797
-2.459044	25.283255
-0.756769	-0.289486
0.861306	2.792450
-3.298039	90.016479
1.109375	5.220066
-4.839627	453.818359
-0.817639	-0.248788
-0.796161	-0.265159
-1.640512	3.878677
3.111485	136.644485
-2.135107	13.471876
2.146249	37.857838
1.075480	4.813959
5.115500	849.929993
2.545850	67.535683
3.907638	312.007324
2.676331	80.313873
-1.568545	3.085883
2.104779	35.485008
-4.933948	491.921143
0.862558	2.801860
4.283006	437.702576
1.802915	21.479546
2.069618	33.564575
0.703664	1.792386
-0.592200	-0.326193
-1.016302	0.033681
2.907540	107.407555
3.820864	287.331451
2.455936	59.681290
-3.318366	92.407158
-4.638181	379.891785
-4.300833	276.788269
2.542940	67.269676
-2.936219	54.699162
1.808542	21.693068
2.703312	83.172112
1.246142	7.145512
-4.987620	514.647827
-4.937200	493.276306
-1.642373	3.900805
-2.122726	13.122048
2.209049	41.682293
4.433107	497.425354
-3.007227	60.623901
-1.245101	0.778281
2.340746	50.665424
4.669104	603.521606
2.186354	40.267384
-1.554475	2.944648
4.735157	636.060120
-2.951087	55.902294
-3.271469	86.961807
0.538071	1.067196
4.118530	378.659882
2.432195	57.729568
4.945870	748.763123
-2.897772	51.677483
-0.660266	-0.322105
2.766734	90.196632
4.558164	551.717285
1.021368	4.218295
3.128553	139.340103
5.257330	942.150208
-2.435692	24.242632
5.192334	898.999023
1.065872	4.703561
5.267620	949.122009
0.438476	0.752003
1.078253	4.846193
5.330421	992.519714
3.796103	280.569366
3.955526	326.293762
1.539470	13.174679
2.229210	42.971077
5.948299	1503.699585
5.294369	967.427979
-1.430044	1.872639
4.617403	578.942627
1.480724	11.727055
2.015481	30.766020
3.352560	178.603683
3.529636	215.171356
3.744012	266.737549
-2.109370	12.752078
1.648167	16.220903
0.176206	0.213690
-3.163499	75.339409
3.750395	268.404022
4.515941	532.910339
4.603235	572.340881
2.308558	48.344284
-0.462691	-0.301831
1.731788	18.919201
1.565889	13.869819
2.101616	35.308857
0.924122	3.296641
-3.368239	98.473763
1.369237	9.326011
-4.637403	379.625061
2.710014	83.893913
0.699657	1.771305
4.158700	392.486908
0.665540	1.599479
-3.760873	157.246231
0.387910	0.619397
0.613839	1.363909
-4.466504	324.366669
3.957866	327.004211
-0.768758	-0.282829
2.014220	30.703074
-0.026654	-0.025962
-3.416198	104.584229
-0.456144	-0.299693
-2.282642	18.183050
-0.525568	-0.318221
-4.807977	441.543640
2.893564	105.595604
1.310933	8.235774
3.942417	322.334747
1.409505	10.143469
-0.085832	-0.079043
0.250976	0.333741
5.946813	1502.271973
-4.354044	291.455475
-4.183135	246.318054
2.048430	32.446793
1.570077	13.982616
-2.551374	29.723652
-2.582334	31.334152
1.932675	26.838850
5.158640	877.225098
3.117324	137.562088
0.091375	0.100557
-0.175820	-0.149387
4.356451	466.204498
5.479285	1101.358154
5.438019	1070.329834
4.889947	717.491882
3.437150	195.428345
-1.330738	1.219531
0.904167	3.129197
-2.589503	31.716135
0.253064	0.337412
5.448024	1077.791138
0.127855	0.146559
4.727496	632.219971
5.640046	1228.744507
-2.978581	58.178978
0.038429	0.039965
3.582463	227.106659
3.430923	194.150360
4.952597	752.592407
-2.166561	14.391124
3.377737	183.491501
5.598552	1194.855103
-1.349696	1.331787
-0.573833	-0.325075
1.168630	5.995440
1.098930	5.092105
1.843833	23.070156
-2.898696	51.748577
0.257570	0.345401
-1.038844	0.083901
2.192679	40.657921
5.081749	829.026062
-2.682393	36.983757
1.671964	16.955954
4.519769	534.595154
-3.792445	162.905212
-0.890886	-0.174360
-2.810970	45.314072
2.111722	35.874020
1.519611	12.670424
2.442094	58.537289
1.559746	13.705656
-4.352535	291.031494
1.169589	6.008714
1.199792	6.438554
-2.331116	19.964916
-4.791982	435.435852
-1.217745	0.658361
-4.900192	478.019440
5.160615	878.490356
1.615694	15.258420
3.477545	203.874252
4.759167	648.210083
5.265998	948.020325
-3.096289	68.717224
-0.072203	-0.067339
0.364928	0.564433
3.747544	267.658752
2.029101	31.452431
5.622498	1214.324829
-3.291300	89.234245
-1.778220	5.759657
4.704247	620.673096
-0.973693	-0.049901
4.893744	719.583130
3.224015	155.170532
0.233862	0.304335
-1.997142	9.934415
5.413045	1051.874268
-3.654416	139.246033
4.522469	535.786011
1.855139	23.525419
2.905329	107.119438
5.169935	884.479370
-2.975271	57.901310
-1.894879	7.784159
-3.161181	75.103371
-2.767253	42.339886
1.887377	24.861959
-3.061373	65.453941
-3.606638	131.690552
-2.496929	27.041161
5.416172	1054.171265
-4.847471	456.899689
-3.230931	82.451546
-3.680117	143.442337
0.080326	0.087338
2.133996	37.144409
5.067427	820.273193
-3.890573	181.471542
1.756494	19.779917
-4.223873	256.563660
-0.668793	-0.320586
0.460741	0.815893
-0.197566	-0.164722
-1.775049	5.710459
-2.315244	19.367983
5.036296	801.489075
1.227809	6.858872
-2.902199	52.018871
-4.618120	373.060486
-0.249721	-0.199045
3.952940	325.509979
3.287210	166.377869
-1.079787	0.186602
5.977669	1532.120605
-4.607669	369.538391
0.759032	2.104388
-2.789584	43.840378
2.279707	46.334057
2.697659	82.566872
-1.396223	1.631674
4.782778	660.327820
2.113830	35.992794
-1.243694	0.771878
-4.448153	318.815002
3.433713	194.722015
3.836632	291.701447
2.685843	81.312828
2.501139	63.536953
4.946058	748.869873
-1.557663	2.976272
3.277266	164.574829
-1.722734	4.940244
3.903077	310.671783
-2.920300	53.432487
1.502217	12.241345
-4.412167	308.134888
-3.884004	180.181381
-3.269974	86.792282
-2.314365	19.335320
-3.502124	116.236786
1.480305	11.717206
-4.361425	293.534973
4.785085	661.520874
5.400518	1042.707275
-4.383756	299.894836
5.177416	889.309021
0.159550	0.189716
-2.173340	14.595079
1.457123	11.182121
-3.142791	73.250404
1.430437	10.590202
0.239901	0.314573
3.971039	331.026245
5.186743	895.358154
0.791748	2.307892
1.404752	10.044131
3.023375	123.354355
-2.522409	28.273184
-2.094109	12.338701
1.969433	28.530933
0.919928	3.260870
-4.816844	444.956757
5.246699	934.987366
-1.176995	0.496913
-2.737144	40.377655
0.748915	2.044416
-0.589161	-0.326069
-1.621148	3.653420
2.478941	61.620419
2.096474	35.023903
-0.123273	-0.109719
-2.040754	10.969378
2.735049	86.632805
-1.338187	1.262975
-2.640236	34.518635
3.351293	178.360367
-2.160772	14.218607
2.519314	65.139893
-4.822048	446.969360
4.296351	442.781006
4.376523	474.232147
1.608389	15.048204
-1.463747	2.133193
2.347562	51.167767
0.795132	2.329798
4.328001	455.002502
-2.247687	16.972548
-2.181493	14.843136
-4.194408	249.121872
0.658204	1.564282
4.787940	662.999573
1.725520	18.705570
0.841360	2.645941
4.034638	350.973297
5.548526	1154.938721
3.104217	135.508698
-1.216446	0.652904
-1.040635	0.088080
-4.516932	339.997223
-4.737505	415.109131
-4.944162	496.187012
0.359796	0.552584
-1.778259	5.760264
2.790887	92.987587
4.021608	346.814484
0.581505	1.230632
0.142180	0.165677
-4.139163	235.607101
-2.899181	51.785954
0.320132	0.465928
5.157188	876.296143
-4.522658	341.807404
-4.071479	219.807739
-2.306559	19.046934
2.824903	97.029610
1.723653	18.642290
-3.978558	199.428818
5.577217	1177.706665
4.542160	544.530579
-3.172965	76.309013
0.235421	0.306963
3.330100	174.327423
3.552555	220.289444
-4.923219	487.470123
1.364738	9.238035
3.101081	135.020889
3.180998	147.876511
5.148292	870.618530
-3.939555	191.311523
3.664066	246.521759
5.410788	1050.217651
-3.883716	180.124969
-1.976138	9.461901
-2.367471	21.383099
3.907171	311.870148
-3.954530	194.398239
3.214034	153.454193
-1.950650	8.910384
-3.093693	68.470528
5.314853	981.624939
3.369482	181.877899
-3.936505	190.687363
5.792194	1359.237061
4.298003	443.412445
-1.243063	0.769017
2.617098	74.302910
0.021656	0.022135
-0.221621	-0.180978
2.194315	40.759399
-1.436184	1.918554
1.605414	14.963233
-3.570264	126.147675
-4.106085	227.782867
-0.842031	-0.227324
-3.493483	115.022926
2.258654	44.908195
-3.740951	153.752182
4.687515	612.461853
1.406946	10.089896
-2.680505	36.870667
2.351581	51.465767
0.817733	2.480372
-1.564222	3.042026
5.375443	1024.539795
3.450262	198.140060
-3.657051	139.672012
-4.579087	360.033020
0.664295	1.593466
-0.607701	-0.326442
-2.672780	36.410488
-0.020852	-0.020426
-3.238219	83.249184
-1.609285	3.519840
-0.228657	-0.185595
-4.940216	494.535797
2.147652	37.940239
-3.611559	132.454193
0.081440	0.088656
-4.073969	220.374481
3.582756	227.174057
3.645255	241.938812
2.531445	66.226883
5.012492	787.346069
4.539171	543.196411
-4.310586	279.434235
-4.480991	328.800812
0.797825	2.347346
-3.051537	64.555901
5.206523	908.289734
-3.795230	163.411469
-0.732043	-0.301274
1.558105	13.662068
2.022504	31.118490
2.703736	83.217552
0.933548	3.378188
-0.527234	-0.318546
4.046684	354.851471
1.354461	9.039495
5.137061	863.490662
-2.561017	30.218525
3.681681	250.872711
-0.883791	-0.182926
-0.799236	-0.262955
-3.927604	188.874634
3.887552	306.157959
-0.739452	-0.298009
3.220048	154.486694
5.275992	954.823364
4.341988	460.483917
4.146080	388.102325
2.858748	101.182938
1.987243	29.379942
0.677524	1.658291
1.871240	24.185766
0.526414	1.026192
1.366938	9.280966
2.390249	54.401375
-4.675762	392.941711
3.315400	171.571182
1.596772	14.718583
-3.470991	111.908043
-3.416642	104.642082
-2.845123	47.743706
3.551513	220.054733
4.287094	439.253448
3.088424	133.065689
-2.975722	57.939034
2.333778	50.155853
-1.557115	2.970819
-3.838661	171.462311
4.772761	655.166199
-3.875434	178.508514
0.277549	0.381896
-2.026474	10.622360
-2.803038	44.763222
-1.834900	6.689837
2.234073	43.286526
5.417011	1054.788452
-2.558907	30.109734
0.576061	1.209194
3.563090	222.672852
5.299841	971.205139
-3.436696	107.280594
-1.759386	5.471720
1.171081	6.029388
2.089718	34.652294
4.607552	574.346497
-2.438671	24.373560
2.413957	56.263824
1.922953	26.404619
4.158101	392.278015
3.942966	322.499634
3.506310	210.055527
-4.687022	396.916626
1.494478	12.054175
1.793404	21.122395
3.401402	188.177780
3.518756	212.773575
-1.872818	7.368003
-4.155713	239.596497
4.680096	608.847290
-3.100057	69.076515
-3.031147	62.723602
-1.042356	0.092118
-0.126531	-0.112290
-0.834185	-0.234573
2.122745	36.498421
-3.892457	181.842896
-1.417174	1.778581
4.563838	554.281982
1.683604	17.324846
-3.854084	174.391693
3.863679	299.314301
3.246908	159.161987
-0.613470	-0.326365
-0.965240	-0.064811
-0.663374	-0.321579
-2.005918	10.136776
1.596089	14.699383
-4.249417	263.148956
4.917035	732.512939
-0.245810	-0.196589
4.693549	615.413452
2.423345	57.014732
0.067168	0.072003
0.188027	0.231278
-1.783251	5.838319
-2.531430	28.719175
-2.293217	18.561388
1.343931	8.839609
-1.687143	4.459219
-3.613121	132.697235
3.243875	158.628708
0.281711	0.389726
0.344523	0.518202
-2.882656	50.524261
4.447526	503.469910
-3.532732	120.613556
-1.775114	5.711462
-2.969648	57.431828
-4.968894	506.631226
4.908490	727.749023
-1.823732	6.498806
3.894784	308.254517
2.155398	38.397457
2.562798	69.100769
-3.070456	66.291412
-4.507976	337.180969
5.556880	1161.534058
3.525633	214.286758
-3.757393	156.631699
4.473915	514.676270
-2.720177	39.302162
5.936156	1492.064819
0.897260	3.072847
2.346992	51.125587
0.124182	0.141757
4.114009	377.127106
4.815562	677.435486
2.830966	97.763809
-0.542059	-0.321168
-2.871581	49.691536
4.217845	413.536224
-3.298184	90.033447
2.410130	55.959930
-1.437632	1.929479
-1.180841	0.511307
0.857656	2.765165
0.029636	0.030541
2.044046	32.219151
2.888007	104.881660
0.060742	0.064669
0.952536	3.547354
-4.935725	492.661377
-2.044473	11.061088
-2.892066	51.239906
2.627073	75.290245
-0.114929	-0.103064
-2.400043	22.715378
2.183954	40.119896
-2.589296	31.705048
-1.157435	0.426335
0.657869	1.562688
-0.309473	-0.234166
-1.221280	0.673320
-4.444871	317.829468
-3.962481	196.052338
3.902903	310.620758
4.669138	603.538391
5.853080	1414.277832
0.733869	1.957717
-1.872921	7.369906
-3.018500	61.606842
-1.048287	0.106243
-0.171105	-0.145980
4.391630	480.342468
2.514082	64.675285
3.648054	242.616562
-0.750715	-0.292610
-3.456282	109.905449
-0.307900	-0.233300
-3.862707	176.045807
1.604460	14.936075
5.644635	1232.536499
-3.798432	163.995270
4.559987	552.540161
-3.247431	84.265694
3.828641	289.480530
-1.554943	2.949277
-0.647474	-0.323940
0.012594	0.012755
0.855761	2.751086
3.195091	150.236771
5.670463	1254.042969
5.546288	1153.176880
-4.026189	209.689163
-4.774408	428.798920
-4.416193	309.316437
4.876714	710.238525
4.894730	720.127014
-4.563113	354.801361
-0.389417	-0.273828
-2.978190	58.146141
-2.581613	31.295942
3.562296	222.492615
1.850704	23.346029
-4.189983	248.018555
0.076378	0.082691
-0.501241	-0.312809
0.059302	0.063039
1.620096	15.386194
4.190858	403.828705
1.196594	6.391919
-2.775444	42.885757
3.835494	291.384338
2.398162	55.017681
-4.215458	254.421524
5.588062	1186.400391
0.226803	0.292555
-0.770401	-0.281867
-1.059412	0.133584
5.239397	930.091675
5.085360	831.243652
-3.864321	176.356583
4.909860	728.511230
4.631648	585.638000
-2.890509	51.120968
5.135452	862.472900
5.215455	914.174377
-4.013795	206.982117
4.030182	349.546692
5.652342	1238.924316
0.596788	1.292340
-4.948009	497.800659
-2.929271	54.143578
-1.840916	6.794371
1.902696	25.517412
-2.119255	13.025147
3.235462	157.156693
-4.598546	366.483948
2.940047	111.713898
-1.144442	0.381815
4.592313	567.290588
-1.863359	7.194493
1.080114	4.867929
2.427806	57.374245
5.534803	1144.166870
1.864656	23.914009
2.015869	30.785406
-0.238395	-0.191881
-4.905745	480.285736
5.956457	1511.553833
-0.998998	-0.002001
5.179615	890.732239
-3.907864	184.900589
-2.089138	12.206156
3.811263	284.694946
-1.798373	6.079269
-2.953686	56.114578
3.026717	123.839775
-0.812168	-0.253176
-4.923504	487.588043
2.679059	80.599434
4.784620	661.280029
-4.871512	466.441589
4.749788	643.443237
-3.056296	64.989243
2.031184	31.558422
-3.369467	98.626877
5.179166	890.441650
2.432638	57.765587
4.570580	557.341431
-1.965276	9.223976
1.024951	4.255816
-3.292779	89.405556
4.114837	377.407410
-2.547242	29.513466
-3.757977	156.734680
-0.020507	-0.020095
4.468626	512.415466
1.003629	4.036419
0.073747	0.079617
4.425083	494.085297
5.004631	782.717346
-0.746638	-0.294626
5.517220	1130.475586
-3.084507	67.602776
-2.935375	54.631428
-2.281153	18.130247
-1.038193	0.082390
5.091342	834.927490
1.906678	25.689981
-0.961697	-0.070904
1.770401	20.277683
0.691298	1.727939
-0.833209	-0.235451
0.520189	1.004768
2.635002	76.082161
-4.802025	439.263489
2.150722	38.120914
1.814167	21.908184
2.630613	75.643021
0.721301	1.887537
4.848891	695.168518
-2.344436	20.476225
2.428522	57.432041
2.963728	114.932953
0.108322	0.121464
3.670545	248.115356
-3.056779	65.033325
-1.423052	1.821172
-1.325826	1.191347
2.016968	30.840414
-2.997969	59.825497
-2.321195	19.590256
-4.729670	412.245270
-3.480749	113.251534
-0.405702	-0.280793
-2.665045	35.954025
-0.761902	-0.286713
3.556105	221.090408
-3.573703	126.664024
-4.855224	459.960632
-3.405592	103.209137
3.196698	150.507782
0.836074	2.608155
0.761199	2.117410
-2.283113	18.199768
-2.528924	28.594786
0.959173	3.608063
4.867609	705.279724
4.285243	438.550873
-2.410214	23.143675
-0.411090	-0.283008
3.134134	140.230225
0.245350	0.323940
-3.982569	200.278076
0.097862	0.108468
5.353672	1008.960083
4.687976	612.687012
2.041083	32.066010
-2.069380	11.689567
-2.637851	34.382885
-1.941949	8.727495
-0.067349	-0.063098
0.040954	0.042703
-1.671618	4.259831
1.451902	11.064311
4.635252	587.341125
0.663337	1.588845
5.690000	1270.498047
2.191357	40.576019
2.089634	34.647682
5.834776	1397.557495
3.785765	277.782043
-0.713667	-0.308424
0.670850	1.625335
-1.453036	2.048111
2.003220	30.158094
3.141926	141.480225
4.506137	528.613708
0.870828	2.864639
1.427169	10.519460
-3.904077	184.145569
5.459738	1086.577148
-1.438697	1.937540
1.341273	8.789700
-4.522831	341.862061
3.659165	245.321503
0.694945	1.746753
5.165145	881.397522
-0.299752	-0.228760
3.625564	237.210876
-3.472705	112.143196
2.758299	89.237190
-2.441784	24.511002
1.568249	13.933276
-4.913319	483.390015
4.010118	343.178101
0.203500	0.255055
0.750018	2.050886
3.700118	255.488800
-3.605143	131.459106
-3.160348	75.018661
3.534894	216.337402
5.180622	891.385010
1.125985	5.428820
-1.794256	6.012998
-2.272414	17.822533
-2.870795	49.632881
-4.652330	384.766266
-3.766278	158.204422
3.000033	120.004669
1.774839	20.438568
-2.670355	36.266937
2.459771	60.001244
5.336143	996.546570
3.670918	248.207306
2.936940	111.296730
2.995308	119.335098
-1.634138	3.803525
2.102085	35.334915
-3.304444	90.764740
-4.008573	205.849457
3.629380	238.121399
4.453856	506.140839
-1.450358	2.027168
-0.802372	-0.260660
4.540536	543.805725
-3.440240	107.752068
4.401129	484.214996
-0.709446	-0.309882
5.259878	943.872803
5.795986	1362.616455
1.130206	5.482922
2.794772	93.442574
4.976608	766.382751
-3.743809	154.249939
-4.999485	519.776306
-3.295807	89.756844
-1.614605	3.579331
-4.651814	384.587860
-2.062085	11.502873
-4.614572	371.861725
2.123025	36.514385
0.267560	0.363428
2.845199	99.504303
1.459167	11.228505
-2.061522	11.488559
-0.217861	-0.178485
-1.545525	2.857047
1.304340	8.119160
-4.115776	230.054550
0.150031	0.176424
2.295767	47.444939
4.513604	531.883911
-1.396114	1.630929
5.845409	1407.252563
-2.288768	18.401520
-2.855577	48.506424
-3.594830	129.871567
-3.887639	180.894394
1.434977	10.689111
-4.334952	286.127441
-4.091653	224.431122
-3.434817	107.031342
3.459819	200.134689
5.884954	1443.752563
-2.178626	14.755559
3.460335	200.242752
-3.410852	103.889458
1.206769	6.541254
3.808521	283.945343
-0.472937	-0.305021
1.592198	14.590356
-0.068455	-0.064068
4.794623	666.470947
-1.562603	3.025711
-4.609288	370.082153
-3.266899	86.444298
3.219536	154.398590
-1.154813	0.417200
3.037442	125.407166
4.103761	373.669739
3.995218	338.505676
-0.666791	-0.320965
2.617365	74.329163
-3.400896	102.604614
-0.821381	-0.245697
5.328597	991.238647
-1.256473	0.830999
0.583788	1.239708
-4.559042	353.477478
5.178504	890.012878
1.248836	7.188427
-3.650696	138.646286
-4.256314	264.948578
-1.291345	1.003610
-3.765741	158.109085
-1.434940	1.909196
-3.831010	170.022903
-2.176594	14.693694
4.771829	654.687378
4.977511	766.905151
2.350469	51.383205
0.364027	0.562341
-1.090944	0.217296
1.145093	5.677162
3.801423	282.012085
-0.700232	-0.312830
2.878194	103.629837
1.020960	4.214036
3.144955	141.968475
-0.084364	-0.077796
-0.875280	-0.192798
1.140173	5.612376
4.248845	424.904022
-4.257915	265.367706
2.739277	87.102089
-2.572536	30.817661
-4.929318	489.996948
-4.517196	340.080566
3.011252	121.605965
-4.488360	331.073608
5.661307	1246.387085
-1.739912	5.184658
-3.139056	72.878273
-4.595006	365.304291
1.968744	28.498463
-1.904797	7.976588
-1.029947	0.063562
3.137734	140.806702
0.918609	3.249684
-2.258118	17.327394
2.115245	36.072701
-2.730922	39.980736
3.105909	135.772491
-4.975698	509.533173
3.414171	190.743759
0.907332	3.155291
-0.675930	-0.319128
0.292365	0.410140
-4.071708	219.859894
-3.530975	120.358971
5.208002	909.261719
0.053012	0.055979
2.609199	73.528084
3.456847	199.512741
0.795097	2.329570
-0.651524	-0.323415
5.884311	1443.152832
0.865779	2.826174
-0.168720	-0.144246
2.895563	105.853325
1.377418	9.487718
-0.507412	-0.314298
-4.844348	455.671082
3.238362	157.662872
-0.102419	-0.092893
2.124396	36.592651
-4.666436	389.672363
3.867635	300.440308
-0.737870	-0.298725
1.252173	7.241873
-4.390483	301.830719
-4.622625	374.586395
3.521252	213.321762
3.715426	259.370178
-4.598323	366.409821
0.935423	3.394604
-1.377242	1.505039
-0.274254	-0.214009
-4.772212	427.974640
-0.448950	-0.297258
1.194772	6.365460
5.435790	1068.672607
4.604062	572.724792
-2.196030	15.293015
2.892637	105.476219
-0.600841	-0.326412
2.152447	38.222744
2.776948	91.368935
5.264937	947.300598
-4.016273	207.521271
-0.327489	-0.243860
0.642356	1.490281
0.476315	0.862727
-0.171837	-0.146511
-2.119283	13.025925
5.373896	1023.426880
-4.047441	214.392838
-1.785718	5.877174
3.241531	158.217499
0.214688	0.272799
4.466455	511.489349
3.851048	295.740631
0.592063	1.273021
1.987707	29.402306
1.566474	13.885516
0.993740	3.937787
-3.076870	66.887665
5.189232	896.977722
5.719486	1295.640015
-2.849081	48.031414
-1.259718	0.846357
0.914258	3.212997
-3.413291	104.205971
-2.655656	35.405689
3.718228	260.085480
4.479346	517.005615
1.743503	19.323624
-0.129325	-0.114483
1.256294	7.308293
1.008441	4.085125
0.854402	2.741022
5.928805	1485.054932
-4.349204	290.097565
-4.669284	390.668640
-0.243032	-0.194834
-1.468486	2.171531
5.704612	1282.911011
0.709526	1.823587
1.745795	19.403521
2.946143	112.535912
5.924214	1480.690063
0.212250	0.268892
0.797191	2.343204
0.516277	0.991474
-3.800043	164.289474
-3.636336	136.349655
-4.489983	331.575653
-1.876913	7.444032
-4.447104	318.499634
-4.770497	427.332092
0.274006	0.375294
-0.706822	-0.310754
1.143761	5.659563
1.860715	23.752489
1.637522	15.900312
-1.138011	0.360459
0.340061	0.508400
-2.618974	33.322689
3.732664	263.794098
-4.403646	305.645844
3.389467	185.803024
-1.412935	1.748240
-4.474841	326.912781
4.040263	352.780029
-1.082218	0.193189
0.282127	0.390514
-3.428223	106.159882
-1.377606	1.507413
5.991653	1545.794556
3.317572	171.976257
-4.431463	313.827728
5.915867	1472.777832
-2.470178	25.790838
1.365727	9.257318
0.432145	0.734471
-1.270221	0.897046
2.729391	86.007980
0.942162	3.454113
1.852866	23.433334
3.282287	165.483490
1.171665	6.037497
-3.873128	178.060379
-3.424535	105.674667
-3.684575	144.179626
2.987586	118.247124
3.212988	153.275192
0.177414	0.215465
-2.672353	36.385178
5.594013	1191.191162
-2.089922	12.226994
-2.075998	11.860806
2.983480	117.671532
1.497143	12.118380
-1.550839	2.908852
1.023743	4.243130
5.414925	1053.254883
3.731288	263.438965
2.595519	72.200905
-1.962681	9.167768
3.722941	261.291870
-0.086909	-0.079955
-1.394145	1.617514
3.638808	240.382980
2.442913	58.604519
4.971582	763.480896
-1.929047	8.461266
-4.827308	449.010651
1.700974	17.886993
4.013114	344.123596
2.025558	31.272718
-1.016739	0.034612
-0.815221	-0.250746
3.152429	143.178574
0.558727	1.142777
0.500205	0.938165
0.140016	0.162750
-2.228286	16.326735
5.677619	1260.051270
2.467663	60.663830
-2.634273	34.180031
-2.412303	23.232370
5.391665	1036.265259
5.349207	1005.787354
4.084840	367.350006
-2.159174	14.171278
0.372950	0.583262
3.499765	208.636719
-4.427886	312.766602
-3.031531	62.757755
-4.462916	323.275574
4.295054	442.285522
1.881560	24.616541
-0.857061	-0.212496
1.933863	26.892281
-1.675527	4.309453
-1.885478	7.604845
5.004815	782.825500
-1.502836	2.462394
4.815496	677.400818
3.017930	122.566643
5.522722	1134.746460
-2.201243	15.456754
-3.797291	163.787094
2.675151	80.190666
3.357484	179.551804
1.702913	17.950628
-3.184833	77.537781
-4.870802	466.157471
1.380532	9.549853
4.282830	437.635925
-2.505074	27.430595
3.968229	330.165253
3.674495	249.090668
-3.155867	74.564362
2.053070	32.689072
-4.484680	329.936920
2.217083	42.192219
-0.447165	-0.296639
-3.912566	185.841553
4.185552	401.940247
0.089919	0.098797
5.382488	1029.619995
0.067111	0.071938
4.232858	419.012482
1.316351	8.332601
3.391584	186.222595
-3.652620	138.956284
0.321166	0.468081
-4.111252	228.991989
-4.837124	452.838440
-2.660904	35.711445
-4.588530	363.152893
-2.038367	10.910808
-1.458196	2.088825
3.086621	132.788864
-4.680883	394.745758
5.244718	933.657043
4.901788	724.028992
-4.551685	351.093781
0.625250	1.413453
3.184618	148.480042
-2.056759	11.367961
-1.406521	1.702932
0.859112	2.776028
-0.212626	-0.174985
5.646549	1234.120239
1.374432	9.428453
-3.995543	203.043533
-0.800616	-0.261950
2.461866	60.176605
5.190008	897.483276
4.289302	440.093109
1.844354	23.091009
-0.742881	-0.296421
2.522161	65.393715
-2.839295	47.322376
-3.351297	96.380486
3.869541	300.983917
2.481871	61.870808
-2.462549	25.442223
4.032416	350.261444
4.820967	680.287781
-2.051079	11.225336
-4.005950	205.282364
-2.637229	34.347569
-4.964458	504.745911
-3.686834	144.554367
-3.392511	101.531876
4.937329	743.921814
-3.238518	83.282082
2.232739	43.199795
2.121947	36.452953
-0.295277	-0.226232
5.826218	1389.791626
-3.018941	61.645477
4.492096	522.505981
5.472767	1096.412720
3.355492	179.167816
5.496553	1114.541626
-1.327849	1.202910
-0.182642	-0.154264
4.686561	611.996277
-3.038547	63.384007
-4.338287	287.052826
-2.056320	11.356880
4.483614	518.841919
-2.177583	14.723768
-0.407617	-0.281585
2.353154	51.582783
5.304289	974.283752
2.129834	36.904419
0.385571	0.613658
4.125256	380.948761
5.078755	827.190247
1.379620	9.531626
-4.511973	338.435699
5.114296	849.177795
2.692787	82.048004
-2.904484	52.195797
4.051626	356.451721
4.454268	506.315460
4.328255	455.101501
0.173573	0.209837
-1.841009	6.796000
4.154473	391.014160
2.154632	38.352066
-3.348913	96.088600
3.627240	237.610443
-0.489876	-0.309868
-3.852360	174.062347
-3.700609	146.855484
4.327482	454.800140
5.834201	1397.035034
-1.739156	5.173741
4.989194	773.687256
-2.222118	16.125261
-3.255543	85.168373
-3.188388	77.908699
2.370265	52.868603
4.097612	371.606995
-3.884099	180.199966
-1.499901	2.436633
-1.516817	2.587505
5.241157	931.269653
-2.421146	23.610600
4.862803	702.673279
5.729184	1303.989990
-3.306849	91.046936
1.555590	13.595472
-3.175301	76.549644
5.744776	1317.500977
0.009858	0.009956
-4.847046	456.732178
-0.081651	-0.075484
3.168849	145.864517
4.307427	447.029236
-3.927019	188.755981
4.819936	679.743042
1.934667	26.928507
0.583105	1.236987
5.967576	1522.308594
3.234057	156.911957
-1.089413	0.213013
5.801777	1367.791260
-4.505099	336.279907
-2.100219	12.503004
-2.420341	23.575987
-2.760642	41.903065
-0.288606	-0.222414
4.949924	751.069092
-4.663030	388.483459
0.827294	2.546350
-2.549977	29.652475
-1.179847	0.507572
0.068451	0.073479
0.028877	0.029735
-2.317044	19.435024
-0.202365	-0.168024
1.722027	18.587330
4.238545	421.101227
1.622334	15.451482
1.466803	11.403164
-1.751597	5.355624
1.775288	20.454903
-4.614848	371.954895
-4.582748	361.240356
0.082715	0.090170
-3.541867	121.943390
5.237187	928.614014
-3.982618	200.288498
2.041238	32.074028
5.204763	907.133484
4.251440	425.865997
5.951826	1507.090820
5.006541	783.840027
4.746341	641.697998
-2.148393	13.854792
-3.413800	104.272125
-4.014301	207.092102
2.563000	69.119629
-4.463876	323.567352
-3.677331	142.982834
-2.609705	32.811031
-2.013854	10.322297
0.142822	0.166550
2.458746	59.915604
3.015023	122.147789
2.825778	97.135262
-3.743619	154.216858
-1.262950	0.861793
1.064323	4.685955
2.878715	103.695938
5.203854	906.536194
4.312726	449.072662
-1.345997	1.309446
5.589006	1187.159058
4.729978	633.462158
3.736718	264.842804
-3.952861	194.052338
3.967165	329.839630
4.754100	645.631409
3.088378	133.058548
3.171929	146.372620
3.005539	120.788528
3.040203	125.813126
2.178470	39.784584
1.751880	19.616892
5.891810	1450.151978
3.764670	272.159576
2.737579	86.913338
2.454811	59.587650
4.300793	444.481049
4.060248	359.256958
4.845106	693.137146
-3.713060	148.958771
-1.796930	6.055976
1.303852	8.110565
4.301963	444.929535
-4.971152	507.592621
2.560232	68.862061
-2.960987	56.714211
1.093172	5.022645
-0.561053	-0.323794
-3.757133	156.585831
-0.594102	-0.326259
3.092949	133.762222
-4.168127	242.621964
-1.864125	7.208426
0.829667	2.562934
-3.120987	71.097939
-3.896959	182.732437
-0.416234	-0.285080
4.967391	761.066650
4.274969	434.665741
-3.410695	103.868996
2.007594	30.373880
0.453439	0.794550
3.341185	176.428207
1.899404	25.375423
-1.781892	5.816994
0.078764	0.085495
-1.645786	3.941606
-3.481098	113.299843
-1.860988	7.151456
-2.800680	44.600471
-2.194159	15.234556
1.342082	8.804872
3.503171	209.374176
-3.892195	181.791214
1.370931	9.359314
0.063404	0.067695
-1.853182	7.011054
-3.535898	121.073181
4.502350	526.961243
-0.610315	-0.326419
0.870000	2.858300
1.595299	14.677212
0.221559	0.283932
4.005876	341.842834
-3.575034	126.864334
2.100571	35.250809
5.108916	845.821411
1.008733	4.088093
1.067962	4.727397
3.383885	184.700439
2.598038	72.443916
-2.924445	53.760128
-2.162676	14.275178
-0.060777	-0.057294
3.974959	332.230225
1.055433	4.585917
5.017987	790.594360
-3.670827	141.914688
2.574334	70.181900
-2.843001	47.589958
-1.471507	2.196191
5.380176	1027.950562
3.499081	208.488922
-3.968336	197.276962
-4.512020	338.450409
-1.129988	0.334438
1.095068	5.045435
-1.365202	1.427803
0.334114	0.495506
-0.402582	-0.279490
3.024484	123.515236
-4.795886	436.920807
-4.807282	441.277008
-2.753958	41.464882
4.209990	410.692505
-3.382316	100.238861
4.346614	462.307892
3.318906	172.225418
2.626416	75.224945
-0.585424	-0.325882
0.702791	1.787778
-0.775545	-0.278776
1.490131	11.950021
3.540115	217.500198
4.163678	394.226685
-0.534910	-0.319965
-1.404452	1.688470
3.181665	147.987625
0.794263	2.324157
-4.830117	450.103546
5.338664	998.325073
4.322756	452.959656
5.550058	1156.146362
2.837745	98.589912
5.354420	1009.492798
-4.961961	503.686920
-4.292243	274.473297
0.449488	0.783162
-1.327163	1.198978
1.041872	4.436618
5.046906	807.854309
-4.302679	277.287567
1.245986	7.143031
5.239624	930.243286
-2.056637	11.364876
-0.544025	-0.321479
-4.142693	236.453598
-3.710023	148.443665
-3.225119	81.819527
3.483724	205.190292
0.704552	1.797090
2.477672	61.512199
-3.291821	89.294586
-3.805316	165.255432
0.017787	0.018109
5.871857	1431.585327
0.659773	1.571762
3.613335	234.310089
3.053522	127.785439
-4.545963	349.248474
3.783218	277.098694
2.392186	54.551769
4.776793	657.239746
3.333277	174.927521
-0.770069	-0.282062
4.131213	382.984894
3.371315	182.235352
-0.062311	-0.058655
-1.419299	1.793911
-3.955847	194.671585
5.979560	1533.964966
-2.372393	21.580635
-3.258527	85.502274
1.225546	6.824129
-3.132770	72.255142
-0.315163	-0.237274
5.681521	1263.337036
-2.275462	17.929409
0.974814	3.754400
-3.543597	122.196571
-4.791738	435.343292
-4.320634	282.179810
3.934074	319.834167
-3.083559	67.513741
-3.125950	71.583679
-2.048138	11.151992
-3.211703	80.374428
2.533823	66.441612
-4.434803	314.820831
4.841819	691.377136
2.987859	118.285454
4.348415	463.019623
1.234005	6.954706
1.764652	20.070742
1.681692	17.263830
5.463937	1089.739624
-0.104136	-0.094303
-0.946993	-0.095214
-0.598374	-0.326370
3.476565	203.666153
0.097160	0.107606
-0.618814	-0.326210
-4.895829	476.244141
1.838633	22.863113
5.606732	1201.479736
-3.028598	62.497334
-4.476530	327.430573
5.288254	963.219604
-0.304060	-0.231171
1.498284	12.145937
-4.255344	264.694977
-0.095799	-0.087416
2.177650	39.734650
4.678730	608.183899
1.820642	22.157818
4.051700	356.475677
-3.369408	98.619446
3.608940	233.274002
0.585522	1.246634
-2.804210	44.844334
2.450759	59.251446
-2.426618	23.846918
-4.455795	321.118073
-2.315236	19.367674
4.338034	458.929504
2.225897	42.757221
-2.851299	48.193172
-1.766102	5.573217
-4.721096	409.128448
1.550327	13.456950
-4.289536	273.747131
0.376064	0.590674
5.931513	1487.634888
-4.185365	246.870865
-3.785302	161.611771
5.538245	1146.861694
-2.213964	15.861651
-3.261832	85.873306
4.826499	683.216675
2.481976	61.879787
3.236452	157.329315
5.571156	1172.868652
-3.613823	132.806549
-0.585899	-0.325908
4.249886	425.289795
3.206820	152.222763
-2.534199	28.857132
5.880478	1439.585815
0.815759	2.466920
3.051323	127.458237
-2.923732	53.703663
-2.733482	40.143711
5.624705	1216.131958
-2.379527	21.869299
-0.048718	-0.046454
3.962739	328.487823
4.846370	693.815308
2.099984	35.218197
-3.803362	164.897003
5.125275	856.057617
-2.349689	20.680500
-3.092899	68.395203
-0.498661	-0.312164
-2.418176	23.483076
-2.278264	18.028088
0.716036	1.858731
-2.879931	50.318394
0.507772	0.963002
2.454204	59.537228
-4.053432	215.732742
-3.010252	60.886520
-0.309345	-0.234096
-4.482276	329.196320
-1.624075	3.686885
4.104757	374.004730
4.767610	652.523438
-4.417255	309.628448
-4.429442	313.227875
4.648088	593.437439
1.398504	9.914737
3.621881	236.334320
-4.275644	270.041595
3.665022	246.756439
3.246586	159.105377
-1.655171	4.055282
-2.383695	22.039307
1.209325	6.579206
-2.808800	45.162907
4.716289	626.633728
2.405963	55.630474
-3.683526	144.005875
-3.633401	135.883789
4.313064	449.203094
0.817813	2.480916
-1.051577	0.114214
-3.965200	196.620392
-4.466151	324.259216
1.068492	4.733458
1.542572	13.254838
2.988053	118.312653
2.015060	30.745010
3.532320	215.765900
-3.321291	92.755051
2.532784	66.347710
-4.091755	224.454575
5.783465	1351.480347
1.300393	8.049970
-3.509010	117.210876
-4.645977	382.571869
-0.051519	-0.048994
2.889494	105.072289
3.975904	332.520996
0.672838	1.635095
0.554516	1.127061
1.222490	6.777442
4.017667	345.563843
3.170821	146.189728
-3.568184	125.836136
-4.791133	435.113708
1.887109	24.850643
3.837779	292.021301
-3.474659	112.411636
3.253708	160.362579
2.150843	38.128056
2.343154	50.842476
-3.797869	163.892456
3.185642	148.651154
2.877003	103.478668
2.270623	45.714607
-1.271786	0.904730
-0.134944	-0.118860
-1.714317	4.823421
-3.739467	153.494308
1.543765	13.285779
5.818467	1382.785522
-2.831222	46.743362
1.327230	8.529763
1.118860	5.338474
-1.340232	1.275047
1.681253	17.249861
-4.932659	491.384827
-4.450738	319.592560
-0.342842	-0.251784
0.740179	1.993718
1.103778	5.151189
5.879648	1438.813599
-1.242154	0.764899
-1.725401	4.977650
-3.688536	144.837326
-1.033287	0.071118
5.161709	879.191711
5.149242	871.223694
0.492054	0.911926
2.415417	56.380123
1.300085	8.044581
-3.164792	75.471298
3.617548	235.306290
-1.514273	2.564442
4.712211	624.610352
-0.111829	-0.100566
2.213940	41.992188
-1.422733	1.818845
3.173854	146.690887
3.474474	203.222580
5.121032	853.393738
2.992321	118.913284
5.643252	1231.392456
0.448262	0.779651
-1.888819	7.668239
-1.696980	4.588807
-3.870485	177.547684
-1.821478	6.460711
-1.147718	0.392863
0.786673	2.275344
3.918701	315.264801
4.956061	754.570374
0.666321	1.603261
-3.323453	93.012718
-2.769340	42.478466
1.977784	28.926630
0.643260	1.494431
-3.607631	131.844376
1.127027	5.442132
-4.864686	463.717133
3.807786	283.744659
-3.572889	126.541649
-3.029478	62.575390
1.425333	10.479878
-0.087162	-0.080169
-4.317267	281.257660
-4.686496	396.730133
-3.873221	178.078476
-0.740001	-0.297758
3.487358	205.967239
4.601253	571.421814
-1.618969	3.628633
0.479679	0.873082
4.244504	423.298065
3.829293	289.661407
3.590859	229.048874
-3.452476	109.391624
4.958808	756.141907
-4.230618	258.290497
0.399806	0.649109
-0.254518	-0.202030
4.688083	612.739197
-0.644133	-0.324333
5.411802	1050.961914
-4.635370	378.929108
1.586527	14.432629
1.389587	9.732334
1.007890	4.079525
2.978896	117.031601
-3.483387	113.616791
1.143204	5.652216
0.786681	2.275398
-2.056275	11.355762
3.113725	136.996048
-3.787985	162.096634
2.856563	100.910736
3.796458	280.665527
-3.474481	112.387146
3.983342	334.816132
-2.943543	55.289326
5.012877	787.573486
2.584594	71.154221
0.437488	0.749251
-0.507444	-0.314305
0.829098	2.558951
-1.733218	5.088451
-2.916585	53.140041
2.376622	53.352592
-2.774410	42.816513
-2.147203	13.820185
-3.223571	81.651825
1.971072	28.608250
-3.459121	110.289810
1.132296	5.509867
1.382874	9.596794
-3.094491	68.546303
-3.281177	88.068764
-3.227539	82.082230
2.913399	108.174248
4.697719	617.459778
-1.710926	4.776896
-1.943397	8.757750
-0.515599	-0.316153
1.232799	6.935963
-4.829672	449.930115
0.696415	1.754387
-1.910638	8.091473
3.966786	329.723694
2.221935	42.502506
-3.927297	188.812332
-4.976757	509.985596
1.234812	6.967255
3.657297	244.865158
0.460732	0.815868
5.727367	1302.422974
-1.513605	2.558403
3.727514	262.466492
-3.189218	77.995468
5.863018	1423.417969
5.953104	1508.321655
-0.336421	-0.248508
-3.360554	97.520035
1.924176	26.458965
1.204458	6.507095
2.771743	90.770050
-2.692950	37.620991
3.109967	136.406723
4.490566	521.843323
-0.920489	-0.135203
0.023366	0.023925
3.188285	149.093399
2.368586	52.741352
3.079969	131.771591
-3.327314	93.474419
-2.398615	22.655754
3.250298	159.759552
2.369101	52.780396
0.690746	1.725107
1.217084	6.695462
-1.408964	1.720108
1.763450	20.027683
1.240327	7.053583
4.825848	682.871338
-0.579253	-0.325495
-4.298941	276.277008
4.553215	549.487366
2.907143	107.355759
4.428573	495.535889
-4.636003	379.145538
2.770160	90.588608
4.381677	476.310242
0.027576	0.028358
4.409607	487.691193
0.305853	0.436762
-4.767966	426.384918
1.181350	6.173277
2.612904	73.890701
3.342001	176.583679
-0.328084	-0.244174
-4.307585	278.617889
-2.634632	34.200390
-3.139799	72.952171
3.061001	128.903229
5.445337	1075.783447
-1.467113	2.160382
5.662385	1247.286743
2.695634	82.350975
5.901988	1459.692261
0.353132	0.537421
-2.087282	12.156941
-1.506976	2.499032
-3.883418	180.066574
4.153045	390.517731
-2.681129	36.907993
0.537329	1.064552
4.854105	697.973877
-4.127914	232.923935
-2.555528	29.936106
3.282677	165.554230
-3.763917	157.785339
5.214633	913.631531
1.664354	16.718138
1.263659	7.428234
3.624240	236.895355
-4.029792	210.481186
1.495694	12.083424
-1.194411	0.563475
3.583111	227.256104
-1.162305	0.443502
3.477505	203.865784
4.275527	434.875854
1.203063	6.486539
5.337706	997.648743
1.336527	8.701165
0.648400	1.518178
-2.129408	13.310006
0.998913	3.989141
-2.655966	35.423702
-2.227420	16.298342
-4.647955	383.254089
0.256752	0.343944
1.265604	7.460154
-3.531373	120.416649
-1.590203	3.311878
3.584475	227.570877
2.005956	30.292953
-2.736099	40.310776
4.456561	507.285797
4.450428	504.693176
5.546579	1153.405762
5.692644	1272.737427
3.665061	246.765854
1.210933	6.603165
0.956304	3.581717
1.289300	7.858015
2.181141	39.947647
-3.548003	122.842796
5.094889	837.117737
-0.235748	-0.190184
0.289692	0.404969
2.572394	69.999191
-1.960221	9.114714
-4.507245	336.951721
1.910100	25.838972
4.376306	474.144806
1.141155	5.625255
4.780693	659.250549
-0.624781	-0.325940
3.485189	205.503159
-3.446728	108.619072
-0.272736	-0.213105
-2.258060	17.325401
2.818876	96.303833
1.195891	6.381701
1.151738	5.765617
0.403351	0.658135
-2.798153	44.426495
3.415639	191.040390
-1.140088	0.367306
-4.347725	289.683716
2.962218	114.725555
-1.447443	2.004533
4.317336	450.855957
-1.826849	6.551733
4.508860	529.804565
-0.393364	-0.275553
5.354292	1009.401489
5.960858	1515.803589
-1.298475	1.041006
-0.881456	-0.185677
0.250550	0.332995
-4.726080	410.938385
2.158323	38.571213
0.743305	2.011746
2.184020	40.123962
0.534629	1.054967
-4.115540	229.999008
0.964712	3.659356
4.909848	728.504883
4.369649	471.471222
2.517985	65.021622
-1.362888	1.413231
-3.888410	181.045975
-0.663139	-0.321620
4.833004	686.672424
2.263327	45.221748
4.740212	638.604126
-3.965149	196.609726
-0.321034	-0.240436
-2.399875	22.708380
-3.312874	91.756630
-3.358816	97.305389
1.152681	5.778271
-4.995539	518.066528
-0.185665	-0.156406
-0.338458	-0.249553
-0.388903	-0.273602
-0.831374	-0.237089
-0.377601	-0.268528
3.312623	171.054047
3.287171	166.370789
4.872950	708.185181
3.586542	228.048676
-0.554507	-0.322985
-0.383745	-0.271310
-0.229438	-0.186103
4.980123	768.417236
0.500715	0.939826
5.735274	1309.255005
3.889971	306.857971
-1.129636	0.333312
2.253259	44.548340
-3.472917	112.172264
-0.018046	-0.017727
-4.409880	307.465363
-4.639914	380.486267
-3.754719	156.160736
5.330333	992.457764
-3.605063	131.446793
0.924247	3.297713
-3.069543	66.206856
-1.917938	8.236691
2.565431	69.346359
3.083139	132.255585
-1.913476	8.147711
-3.620235	133.808548
-3.255319	85.143440
2.697621	82.562881
0.548392	1.104486
1.367080	9.283750
0.010244	0.010350
-2.164438	14.327681
0.240029	0.314792
-2.403214	22.848278
2.281056	46.426540
4.856284	699.149231
2.367348	52.647701
1.261178	7.387657
-0.643001	-0.324459
2.102623	35.364815
-0.848851	-0.220751
3.227363	155.749481
-1.644119	3.921637
0.678232	1.661815
-2.790683	43.915207
-1.053998	0.120141
1.038318	4.398148
-1.545402	2.855856
-1.723666	4.953290
2.433255	57.815670
4.378845	475.167389
0.206791	0.260226
5.515317	1129.001953
0.944275	3.472949
-2.710070	38.671726
-2.398159	22.636694
2.324040	49.450298
-0.965389	-0.064553
5.299463	970.943726
-3.127568	71.742508
5.401690	1043.562744
-0.690293	-0.315660
-0.292006	-0.224366
-0.358280	-0.259428
1.906493	25.681934
-4.010950	206.364380
-1.501996	2.455001
-1.726159	4.988319
2.250228	44.347164
2.855004	100.716888
5.376464	1025.274780
-4.598623	366.509735
0.082367	0.089756
-2.267655	17.656551
1.079609	4.862032
2.291684	47.160580
1.678347	17.157475
-3.882072	179.803253
5.746282	1318.810913
4.954681	753.781982
3.551183	219.980408
4.125126	380.904663
-0.838528	-0.230602
3.066500	129.729858
-0.930598	-0.120516
1.451403	11.053086
5.668341	1252.265503
-4.606558	369.165253
5.486013	1106.481201
4.967804	761.304749
-2.734126	40.184780
4.887704	716.258240
-1.722489	4.936809
1.973869	28.740570
-1.470576	2.188570
5.184004	893.578857
2.962919	114.821800
2.027428	31.367498
-2.542154	29.256132
-0.786853	-0.271554
-1.117568	0.295490
-3.165690	75.563019
-0.385475	-0.272083
3.964799	329.116547
-0.433345	-0.291670
5.694134	1274.000366
0.256483	0.343467
-4.754998	421.556915
-4.187939	247.509918
0.002765	0.002773
5.199683	903.801819
4.363244	468.909546
-1.872108	7.354886
-1.638845	3.858930
1.429744	10.575164
2.197293	40.944664
4.812557	675.853821
1.098085	5.081868
2.590735	71.741142
4.298571	443.629761
0.065889	0.070536
4.856609	699.324707
3.186275	148.756897
3.343400	176.850342
0.830478	2.568623
-4.284301	272.346313
2.527405	65.863319
-2.206603	15.626443
2.743127	87.531013
4.985250	771.392822
2.006544	30.321980
-4.374441	297.229370
-4.180440	245.651245
-4.378932	298.512115
4.590359	566.390625
0.386215	0.615234
-4.684797	396.128845
-1.153158	0.411473
0.631216	1.439898
-3.872736	177.984253
3.849607	295.335175
-0.169101	-0.144524
5.490508	1109.912842
-4.022501	208.880920
3.192054	149.725708
0.920251	3.263618
3.174792	146.846207
2.004611	30.226601
-3.981663	200.086136
-0.234473	-0.189363
0.303182	0.431418
1.084226	4.916235
-1.377863	1.509091
-2.510544	27.694412
-1.572374	3.125074
4.452614	505.616241
-1.794845	6.022446
5.955031	1510.178467
-3.753989	156.032288
5.948282	1503.683105
4.940281	745.592163
3.252555	160.158493
-4.426158	312.254913
5.759841	1330.654297
3.873624	302.150970
5.164200	880.790710
0.146056	0.170959
4.188826	403.104706
-1.988958	9.748333
5.777272	1345.996704
5.316091	982.487854
-4.139350	235.651886
-0.391829	-0.274885
4.806598	672.725159
-3.161851	75.171532
-3.199775	79.105858
-0.273150	-0.213352
5.012941	787.611206
3.804836	282.940338
0.745186	2.022653
-1.221532	0.674393
-1.891983	7.728602
-4.170588	243.225250
2.400605	55.209030
0.597474	1.295163
-0.742962	-0.296383
0.853219	2.732292
3.802629	282.339752
-0.787931	-0.270834
2.099231	35.176434
3.750911	268.539124
-1.847650	6.912739
-0.648215	-0.323848
4.324752	453.736420
-2.087809	12.170913
-2.774591	42.828632
3.488953	206.308868
3.058246	128.490662
-4.585764	362.237091
-4.500005	334.689148
2.835518	98.317932
5.730326	1304.975952
-3.639355	136.830215
-3.556311	124.068565
4.536924	542.195007
