0.0197712
0.0229216
0.0212288
0.0210176
0.0217104
0.0212496
0.0216432
0.0219904
0.0213312
0.0217696
0.0227584
0.0224368
0.022448
0.0239728
0.0218944
0.0221536
0.021472
0.023624
0.0221776
0.0218144
0.0225344
0.025416
0.0224608
0.022648
0.0223824
0.0217024
0.0224656
0.0260416
0.0236672
0.0281888
0.023072
0.0229728
0.0226288
0.024784
0.0234752
0.0226864
0.0235552
0.0226048
0.0231408
0.0234096
0.0218336
0.0226704
0.0231776
0.022832
0.0230144
0.0225936
0.0231296
0.0223344
0.0234576
0.0239872
0.0223264
0.022104
0.0223216
0.0223968
0.0232912
0.0232448
0.0220672
0.0228096
0.0232912
0.0221376
0.0297488
0.0255856
0.0236304
0.0224896
0.0229664
0.022736
0.0232912
0.0227584
0.0224416
0.0221392
0.0268064
0.0234032
0.023416
0.0244208
0.023224
0.0232512
0.0240512
0.0235072
0.0271216
0.0227936
0.0240656
0.02336
0.0257696
0.0231648
0.023976
0.0224144
0.0223136
0.0242816
0.0232304
0.0226912
0.0234992
0.0227312
0.0225776
0.0247632
0.0234368
0.0222496
0.022432
0.0231008
0.0251024
0.0226912
0.0253936
0.0226784
0.0238608
0.0234736
0.0260064
0.022968
0.0228592
0.0233616
0.0245312
0.0242144
0.027544
0.0230048
0.0235152
0.0233968
0.023816
0.0232816
0.023376
0.0229776
0.0240688
0.0278912
0.0233392
0.0222736
0.0241696
0.0224144
0.0240832
0.02304
0.0239792
0.0227952
0.0235456
0.0251936
0.0228592
0.0236272
0.02288
0.0240912
0.023552
0.0238064
0.0231104
0.0235968
0.024
0.0229216
0.025456
0.0241424
0.023992
0.0246128
0.0242688
0.023368
0.023968
0.0226112
0.0225904
0.023152
0.0263008
0.0249024
0.0232384
0.02256
0.0235696
0.0230256
0.0227312
0.0246144
0.0234848
0.0227888
0.0238496
0.0228448
0.0227312
0.023376
0.0234496
0.0237984
0.0239856
0.0225472
0.0238512
0.0235904
0.0273536
0.0234416
0.0238432
0.0224672
0.0272976
0.0242528
0.0254656
0.0256864
0.0241472
0.0225104
0.0230736
0.0237696
0.0238352
0.023592
0.0250592
0.0232512
0.024368
0.0230464
0.0237152
0.0266928
0.0235472
0.0269168
0.0238368
0.0265152
0.0244768
0.0241904
0.0243152
0.022968
0.023048
0.0246368
0.0243728
0.0232592
0.0245536
0.0232208
0.0231824
0.024032
0.0244176
0.0231136
0.02336
0.0235664
0.0238336
0.0241472
0.0240608
0.0253936
0.023784
0.0233152
0.0242304
0.0248576
0.0269936
0.0229136
0.0260112
0.0247024
0.0234784
0.0243264
0.0243872
0.0233024
0.023744
0.0239664
0.0232784
0.024016
0.0273312
0.0232912
0.0241376
0.0239456
0.0253856
0.023712
0.0234864
0.0229248
0.0241664
0.023864
0.024536
0.0232976
0.023168
0.0253216
0.0235296
0.0238528
0.0235744
0.0236688
0.0229376
0.0236752
0.0246608
0.0240704
0.0238512
0.0250816
0.0240544
0.0252544
0.0233856
0.0233504
0.0252352
0.0237744
0.0240816
0.0251264
0.0239088
0.0241216
0.0234528
0.024688
0.0237136
0.0229744
0.0242688
0.0252416
0.0237984
0.0262736
0.0267568
0.0233296
0.0247056
0.02352
0.0242288
0.0250304
0.0236704
0.0242224
0.02468
0.0253808
0.0270336
0.0239888
0.0236112
0.0254432
0.0266336
0.023888
0.0236048
0.0222048
0.0232224
0.0240224
0.0247376
0.0240592
0.024824
0.0237984
0.0245936
0.0242432
0.024576
0.024472
0.02408
0.0250928
0.025272
0.0237072
0.0263408
0.0258496
0.02396
0.0245488
0.024608
0.0245792
0.0249904
0.0244432
0.0249616
0.0239328
0.0236032
0.0250784
0.0243504
0.0243824
0.0245088
0.0241392
0.024112
0.0237776
0.0242896
0.02416
0.0242208
0.0241104
0.025912
0.0244448
0.0236912
0.0247712
0.0257296
0.024608
0.023448
0.0268496
0.0240416
0.0243344
0.024944
0.0226352
0.0243072
0.0232336
0.0238176
0.0238704
0.023696
0.0284848
0.0272976
0.0244816
0.0253888
0.023352
0.0241408
0.0246624
0.0249168
0.0243376
0.023456
0.0248048
0.0253888
0.0239584
0.0241472
0.0240512
0.024328
0.0242432
0.024712
0.0237472
0.0254272
0.0238736
0.0246352
0.0239584
0.0262976
0.023712
0.0230576
0.02436
0.0249568
0.024624
0.0267712
0.0249616
0.0242672
0.0244224
0.0271472
0.0251056
0.0242352
0.0237504
0.0239952
0.0248752
0.024392
0.0233552
0.0244032
0.0250816
0.0243632
0.0248992
0.024272
0.0240864
0.02552
0.0245216
0.0241456
0.0238944
0.0270368
0.0245472
0.0281968
0.0242656
0.0274048
0.0248688
0.0238496
0.0239392
0.0252704
0.0239232
0.0237808
0.0237248
0.026704
0.02348
0.0245568
0.0248208
0.0239024
0.0243792
0.027688
0.0248736
0.0251552
0.0256208
0.02484
0.0252432
0.024488
0.0242
0.0240704
0.0267104
0.0239312
0.02396
0.0241056
0.0245344
0.0280784
0.0240048
0.02472
0.0246176
0.0238624
0.0250032
0.0236816
0.0285088
0.0247488
0.0248224
0.0257056
0.0248816
0.0240688
0.0231232
0.0248272
0.0242752
0.0254288
0.0257344
0.0261856
0.0247696
0.0258416
0.023912
0.0252032
0.0249696
0.0232112
0.0242288
0.023704
0.0249568
0.0254496
0.0266816
0.026664
0.0254512
0.0260768
0.0288048
0.0262256
0.0261728
0.0273504
0.0242192
0.0246352
0.0236976
0.024128
0.0238448
0.0248448
0.0265504
0.0252064
0.0244288
0.0247024
0.0238896
0.0248992
0.0245408
0.0247936
0.0238864
0.0244624
0.0230896
0.027192
0.0262928
0.024504
0.0253168
0.0239712
0.02448
0.025936
0.024912
0.0248096
0.026312
0.0320176
0.0249376
0.0245408
0.026544
0.024448
0.0239472
0.0243888
0.0246144
0.0240416
0.0248048
0.0260224
0.0266544
0.0247168
0.0240656
0.0241216
0.0233344
0.0252224
0.0270384
0.0234992
0.0263168
0.025392
0.0242624
0.0258512
0.0245088
0.0255376
0.0241536
0.0242272
0.0248144
0.026016
0.0241488
0.0247904
0.0247712
0.0248736
0.0254944
0.025112
0.0281536
0.0297216
0.02548
0.0256432
0.0246656
0.0243568
0.0249616
0.0247248
0.027008
0.0247488
0.0248464
0.0287248
0.0254928
0.02832
0.0277776
0.0260864
0.0245232
0.0242912
0.0249856
0.026248
0.0244432
0.0250272
0.0252208
0.0251136
0.0278368
0.0261872
0.027512
0.0253936
0.026192
0.0253984
0.0260336
0.02564
0.0250704
0.026096
0.0244176
0.0246288
0.025576
0.0252272
0.024416
0.024984
0.0236544
0.0258576
0.0254736
0.0256672
0.025048
0.0250272
0.0245328
0.0248256
0.0243712
0.0256784
0.02596
0.0246528
0.0247776
0.0257888
0.025472
0.0252736
0.0249168
0.0254192
0.025104
0.0257424
0.02508
0.0253072
0.0253696
0.025896
0.025648
0.0255136
0.0252608
0.0252048
0.0255616
0.0254896
0.0239088
0.0259136
0.0251104
0.0243232
0.025296
0.0255024
0.0280432
0.0252272
0.0259248
0.0255072
0.0249952
0.0266352
0.0254464
0.0256496
0.0263856
0.0258752
0.025648
0.0246496
0.027648
0.0268064
0.02572
0.0256848
0.0267232
0.0249872
0.02552
0.0260624
0.0256304
0.0259392
0.0255376
0.025224
0.02524
0.0266832
0.0275472
0.0272352
0.0268992
0.0257904
0.0249104
0.025312
0.0261776
0.0254464
0.0273344
0.0269024
0.025976
0.0266096
0.025416
0.0243936
0.0283712
0.0253408
0.0248
0.0263648
0.0257408
0.0266016
0.025288
0.0244688
0.0273968
0.027232
0.0256624
0.024904
0.0262896
0.025304
0.025856
0.0259744
0.0249104
0.027416
0.0260336
0.027216
0.0257568
0.0287424
0.02536
0.0250992
0.0283952
0.0287232
0.0286528
0.0284256
0.0329376
0.02556
0.0245376
0.0259872
0.0296736
0.0261952
0.025704
0.0254208
0.024944
0.0264736
0.0259248
0.0254336
0.025168
0.0259824
0.0272208
0.0254704
0.0280304
0.0259472
0.02588
0.0248976
0.0261456
0.0258192
0.0251168
0.0251872
0.0262496
0.0257328
0.02544
0.0267536
0.0248272
0.0278896
0.0253872
0.0272144
0.0253264
0.0258208
0.02584
0.0288784
0.0261024
0.0264928
0.025656
0.0261888
0.0261872
0.029248
0.0276688
0.0266496
0.0259808
0.0284416
0.0291632
0.0260144
0.0256368
0.0299776
0.02536
0.0268432
0.0260496
0.026448
0.0268352
0.0261328
0.0263456
0.0266592
0.0258016
0.0266784
0.0271584
0.0268624
0.0261296
0.0304832
0.026928
0.02916
0.0260176
0.0256128
0.0293856
0.030304
0.0284096
0.0251088
0.0270096
0.026272
0.0272656
0.0258672
0.0255744
0.026744
0.026136
0.0262272
0.0289536
0.0290224
0.0266992
0.0251968
0.03128
0.0256496
0.0263392
0.0250816
0.0253504
0.0275152
0.0263184
0.0258784
0.0276864
0.0278672
0.0251008
0.026656
0.0267648
0.029344
0.0252544
0.0262496
0.0251152
0.0289456
0.0259696
0.025872
0.0269696
0.0253824
0.0269248
0.024576
0.0267184
0.0273744
0.0267552
0.0258304
0.0273056
0.0268896
0.0262208
0.0264576
0.0280192
0.026808
0.025456
0.027136
0.02656
0.029632
0.025856
0.0261312
0.0267376
0.0278064
0.0267392
0.0275472
0.02684
0.0279408
0.0260528
0.0270592
0.0279088
0.0271088
0.0250096
0.0269456
0.0269216
0.0260784
0.0263312
0.02608
0.0312336
0.027048
0.0270192
0.027392
0.0272656
0.029256
0.0262
0.027128
0.0267696
0.0265344
0.0271648
0.0281472
0.026376
0.0269888
0.0270432
0.0262784
0.0286624
0.0278912
0.0274352
0.0261872
0.0257968
0.0268896
0.0263104
0.0265616
0.0303568
0.0266464
0.026568
0.0263472
0.0267936
0.027088
0.0264576
0.0259696
0.0271952
0.0276208
0.0276336
0.0279712
0.0267328
0.0273072
0.0261984
0.0265824
0.0271936
0.026952
0.0288352
0.0305376
0.0265408
0.0280144
0.026336
0.0267296
0.0299392
0.0275488
0.0280368
0.0280256
0.0274864
0.0271952
0.028744
0.026568
0.0299776
0.0260016
0.0266688
0.0272656
0.028568
0.0299232
0.0269936
0.0272656
0.0267328
0.0272496
0.0273312
0.0269968
0.027544
0.0266224
0.0262592
0.0277408
0.0276736
0.027616
0.0267136
0.02632
0.0278912
0.0277792
0.0264688
0.0286224
0.0278112
0.0273264
0.0266144
0.026448
0.0273984
0.0264992
0.0264848
0.0270496
0.0269072
0.0277504
0.0281168
0.0272624
0.0269184
0.0290384
0.0266768
0.0267136
0.0285904
0.0272656
0.027272
0.0264032
0.0276928
0.028264
0.0259904
0.0267136
0.026192
0.026552
0.0267072
0.0270416
0.027848
0.0269264
0.0294944
0.0269456
0.0270704
0.0274752
0.0261536
0.026056
0.0273808
0.026416
0.0258176
0.0263632
0.0270464
0.0265872
0.026984
0.027136
0.0267888
0.0267472
0.0279072
0.0270048
0.0275168
0.0274352
0.0273984
0.02724
0.032424
0.0276672
0.0261632
0.027944
0.026408
0.0269552
0.028208
0.027192
0.0262
0.0277232
0.0274336
0.0276256
0.0269568
0.0293152
0.0257488
0.0267184
0.0270704
0.0273008
0.0267488
0.0278816
0.0279728
0.0277712
0.026584
0.0265664
0.0285968
0.026488
0.0289072
0.027512
0.0266256
0.0275968
0.0268832
0.0270256
0.0267504
0.0272256
0.0264912
0.0291872
0.0271824
0.0266288
0.0270432
0.0287376
0.0270528
0.0264816
0.0272704
0.0276832
0.02716
0.0276704
0.0282096
0.0272096
0.027408
0.0287248
0.0335568
0.026928
0.031232
0.0275968
0.0284592
0.0287328
0.0276256
0.0281872
0.0276848
0.0300064
0.0280416
0.0323008
0.0274976
0.03084
0.030432
0.0303648
0.02896
0.0279296
0.0272176
0.0284736
0.02812
0.028008
0.0281472
0.0276928
0.027704
0.0298304
0.0284224
0.0274352
0.0284672
0.028632
0.0286736
0.0287744
0.0309968
