0.0197248
0.0216192
0.0218016
0.0215008
0.0218176
0.0219008
0.0215232
0.0227808
0.022832
0.0247968
0.021408
0.023952
0.0226784
0.0231072
0.0232672
0.0220672
0.0231168
0.0247744
0.023856
0.0241696
0.0229248
0.02304
0.0227712
0.0241216
0.0235616
0.0229728
0.0248512
0.0236896
0.024016
0.0248928
0.022336
0.0226304
0.0246752
0.0242432
0.0239936
0.022208
0.0237792
0.0231424
0.0232192
0.0238784
0.0237344
0.0232032
0.0235616
0.0246336
0.0241824
0.0247456
0.0249856
0.0287072
0.0238944
0.0287904
0.0233024
0.0239904
0.0240992
0.024672
0.0233888
0.0238816
0.0235968
0.0228256
0.0240704
0.026976
0.0236576
0.0250624
0.0248416
0.0240512
0.0245344
0.0257312
0.0242592
0.0281504
0.0245216
0.024112
0.0233664
0.0250432
0.0253568
0.0251552
0.0231488
0.0245024
0.0230144
0.024368
0.0260352
0.0242304
0.0278528
0.0229984
0.025104
0.023488
0.0252544
0.024688
0.0237696
0.0247424
0.024368
0.0229376
0.023968
0.0222688
0.0230528
0.0249344
0.0241952
0.0247776
0.02496
0.0232544
0.0356608
0.0242848
0.0236128
0.024272
0.0239808
0.023616
0.0242208
0.0249216
0.0234592
0.024208
0.0235168
0.0266304
0.0239712
0.0246528
0.0242848
0.0238944
0.0248064
0.0241664
0.0242592
0.0244288
0.0237056
0.0241056
0.0250048
0.0238688
0.024944
0.026032
0.0249664
0.0240448
0.0239296
0.022656
0.0235936
0.0234368
0.023744
0.0242304
0.0246432
0.0259584
0.0232352
0.0247424
0.0241152
0.0244736
0.023696
0.0233408
0.024528
0.0252384
0.0290464
0.0241888
0.0251392
0.023744
0.0242304
0.033264
0.0243328
0.0249568
0.0257472
0.023648
0.0289984
0.0251648
0.0302112
0.0243008
0.032704
0.0294304
0.024592
0.0284704
0.0257632
0.0239936
0.0252288
0.025312
0.025312
0.026048
0.0262624
0.0250848
0.0246016
0.0261824
0.024784
0.025744
0.0231136
0.0239776
0.0249824
0.0238496
0.0253504
0.0255584
0.0256
0.0244128
0.0309664
0.0242976
0.0253504
0.0299488
0.0249216
0.0238592
0.0253536
0.0255168
0.0257728
0.025408
0.0247168
0.0240576
0.0255872
0.02552
0.0248768
0.023568
0.0255424
0.02616
0.0259744
0.0235488
0.024448
0.024128
0.0250048
0.0245824
0.025504
0.0246528
0.0245344
0.02712
0.0262688
0.0246016
0.0263648
0.0251328
0.023392
0.0263936
0.0249728
0.0232352
0.0250176
0.0245696
0.0232896
0.0245888
0.0242368
0.0235232
0.02528
0.0249568
0.0238592
0.0232512
0.0251424
0.024976
0.0253472
0.0248384
0.0248768
0.0293984
0.0245696
0.024048
0.0241632
0.0245344
0.0252416
0.0249568
0.0242752
0.0264
0.0260032
0.0252384
0.0260288
0.0247392
0.0245056
0.0239712
0.0389152
0.0241536
0.0255104
0.0233888
0.025552
0.02424
0.03888
0.0244992
0.0245312
0.023936
0.0241856
0.0258528
0.0287552
0.0250016
0.024048
0.0244096
0.0236032
0.0251232
0.0247488
0.0252096
0.024704
0.0255936
0.0257472
0.0248
0.0254208
0.0248064
0.0260576
0.0262976
0.024752
0.0270016
0.0251072
0.0252576
0.0260576
0.0263232
0.0258336
0.0235904
0.0249888
0.0254624
0.0255936
0.0247712
0.0253408
0.0255872
0.024784
0.0261856
0.025744
0.024208
0.0255904
0.0252288
0.0282848
0.024048
0.0245856
0.024816
0.0262464
0.0248416
0.0264544
0.0259488
0.0247904
0.0249568
0.0260512
0.029904
0.0246272
0.0247264
0.02904
0.0243648
0.0248832
0.0251136
0.024352
0.0247648
0.0251584
0.026592
0.0250048
0.0249408
0.0275008
0.0244352
0.0255136
0.025152
0.024464
0.0240384
0.0244832
0.0262208
0.0262528
0.025648
0.0249376
0.023904
0.0281376
0.0246304
0.0258592
0.0268416
0.0248448
0.0245568
0.0254816
0.0239872
0.0247808
0.0243232
0.02432
0.0237536
0.0275264
0.02464
0.0240512
0.0245632
0.0242112
0.0231136
0.0318976
0.023824
0.0248672
0.0240896
0.0240512
0.0247872
0.0236672
0.0254976
0.025024
0.0246176
0.0251232
0.0255552
0.0249184
0.0256288
0.025152
0.0262688
0.0245952
0.0246912
0.0262464
0.02528
0.0268864
0.0258976
0.023456
0.0249696
0.0245344
0.023968
0.0254592
0.0252928
0.0258112
0.0260384
0.0251136
0.0255008
0.0280416
0.0254368
0.0244
0.0245824
0.0247168
0.0262112
0.0331744
0.0261408
0.02608
0.0254208
0.0258656
0.0248544
0.0256288
0.0255936
0.0252416
0.0248768
0.0260832
0.0281152
0.0268832
0.0250272
0.025888
0.0245696
0.0263584
0.0258944
0.025824
0.024816
0.0268992
0.02464
0.0264032
0.0260544
0.026656
0.025408
0.0250464
0.0246112
0.0267456
0.0252128
0.0244128
0.0249472
0.0255136
0.024896
0.0250528
0.0250208
0.0246496
0.026416
0.0259104
0.0255168
0.0253184
0.02592
0.0258016
0.025984
0.0276608
0.026672
0.0248768
0.0250976
0.0260288
0.0256192
0.029232
0.0251424
0.0267104
0.0253984
0.027376
0.0252512
0.0256768
0.026592
0.0252448
0.0272896
0.0258304
0.0259584
0.0260544
0.025296
0.0258976
0.0255232
0.0249536
0.0252704
0.0252192
0.0250176
0.0266816
0.024832
0.0265568
0.026128
0.0262368
0.025616
0.0248864
0.0277312
0.0310528
0.026816
0.0255328
0.0253568
0.025216
0.0268992
0.0324416
0.031856
0.025616
0.0268736
0.0264256
0.0269728
0.0272832
0.0256864
0.0297856
0.0253856
0.026112
0.0275232
0.0257664
0.0253632
0.0272416
0.0286176
0.0267456
0.0257632
0.0257408
0.0269536
0.0246784
0.026976
0.025584
0.0266848
0.0251232
0.0262304
0.0261696
0.027072
0.02608
0.026544
0.0254272
0.026736
0.025856
0.0253696
0.0268352
0.0256608
0.0259392
0.0263072
0.0265536
0.0270176
0.0264736
0.0269856
0.0264192
0.0275872
0.027328
0.0277696
0.0264736
0.0285024
0.0275712
0.0275872
0.0266336
0.0312512
0.0259456
0.0269024
0.0262016
0.036176
0.0264128
0.0261376
0.026592
0.0267232
0.0254048
0.0278336
0.0273472
0.0269664
0.027952
0.0266304
0.0268256
0.026784
0.026624
0.0271616
0.0260736
0.025264
0.0270752
0.0255136
0.026672
0.0265888
0.0275328
0.0268992
0.0310368
0.0257184
0.0289024
0.0286976
0.0269728
0.0271392
0.0279104
0.0275936
0.0259232
0.0256032
0.0298752
0.0263872
0.0260832
0.0269152
0.0259072
0.0270816
0.026912
0.0269536
0.026576
0.0262528
0.0263424
0.0260896
0.02688
0.0264224
0.026768
0.0269504
0.0610048
0.0267328
0.0266208
0.0268704
0.0266368
0.0275296
0.0268832
0.0276576
0.0263552
0.0268256
0.0275296
0.02672
0.0265184
0.026448
0.0264736
0.026496
0.027008
0.026096
0.0344768
0.0262816
0.0270336
0.0276288
0.0277728
0.02616
0.0261536
0.0361056
0.0272608
0.0259104
0.0269312
0.0267808
0.0265536
0.0270944
0.0253856
0.0263456
0.0269984
0.0282464
0.0263616
0.0257664
0.0265408
0.0261536
0.0255712
0.027296
0.026448
0.0269824
0.0269088
0.0266272
0.0276256
0.0317376
0.0277344
0.0291616
0.0284416
0.0275456
0.0281568
0.0281312
0.031808
0.028128
0.025984
0.0264576
0.0268544
0.0257888
0.028912
0.0323104
0.0284384
0.0283264
0.0265664
0.02696
0.0276128
0.027792
0.0282208
0.0271232
0.0269216
0.027648
0.0272256
0.027952
0.027776
0.0264256
0.0284064
0.027616
0.0271584
0.0277472
0.027632
0.0268576
0.0266208
0.027632
0.0280512
0.0269984
0.031616
0.027328
0.0265952
0.0339808
0.0368256
0.0287072
0.0278912
0.02808
0.0289888
0.0282656
0.0287744
0.0271808
0.0314112
0.0281568
0.0279136
0.028992
0.0289472
0.0303168
0.0291168
0.0282976
0.0331776
0.0290432
0.0271616
0.0287936
0.0290752
0.0295648
0.0282112
0.0273984
0.0332576
0.0296832
0.0271424
0.0298848
0.0283712
0.0289504
0.02952
0.0293856
0.0281792
0.0288032
0.0278432
0.0262048
0.0288448
0.029536
0.0299584
0.027408
0.0286624
0.028416
0.0281984
0.0280416
0.0282816
0.0277984
0.0286272
0.0280128
0.030176
0.0289344
0.029056
0.0288
0.0286016
0.029632
0.0347424
0.0290528
0.028144
0.0298944
0.0322048
0.0294176
0.0292096
0.0323488
0.0271424
0.0290464
0.0283904
0.0276192
0.0284096
0.0298624
0.03648
0.0278496
0.0294368
0.0277248
0.0289664
0.0287072
0.0282944
0.0322336
0.0294304
0.0288096
0.0285632
0.0275392
0.0275136
0.0267648
0.0292192
0.02912
0.028528
0.0297856
0.0282656
0.0277376
0.0283744
0.0301312
0.0294528
0.0283008
0.0301568
0.029696
0.02856
0.0306016
0.0284064
0.0286784
0.0293376
0.0278656
0.029568
0.0293792
0.0300224
0.0280928
0.0313568
0.0278688
0.0300864
0.0281088
0.0327424
0.0305824
0.028224
0.0302816
0.0302912
0.0308736
0.0282016
0.0290368
0.0294912
0.0286176
0.0282624
0.0286656
0.02984
0.0291552
0.028816
0.0304384
0.029536
0.0291648
0.029776
0.0281696
0.0287072
0.027024
0.029968
0.0300608
0.02856
0.0289024
0.0289664
0.0289216
0.0305728
0.029888
0.0304896
0.0355424
0.0294336
0.0295904
0.0298528
0.0286944
0.0299264
0.0294784
0.0280896
0.0302528
0.0301696
0.0285824
0.0294432
0.0287712
0.024864
0.0257248
0.0272256
0.028368
0.02392
0.0310464
0.0289984
0.026752
0.0266816
0.025168
0.0237024
0.0269984
0.0262464
0.0248672
0.0301888
0.0273376
0.0270368
0.0300928
0.0311392
0.03104
0.0282464
0.0302432
0.029712
0.0307712
0.0299776
0.0290432
0.0300224
0.0286304
0.0290688
0.030896
0.029936
0.0282048
0.0289856
0.029568
0.0282464
0.0286368
0.0284288
0.0307584
0.02992
0.02888
0.0281568
0.0285056
0.0302944
0.0291712
0.0284608
0.0298272
0.0261344
0.0266208
0.0321792
0.0306944
0.0316864
0.0288064
0.0327808
0.0305472
0.0311392
0.0294112
0.0299488
0.029088
0.0303168
0.0294272
0.029632
0.028976
0.0351904
0.0309312
0.0296128
0.0286304
0.0302176
0.02912
0.0293216
0.0320832
0.0293888
0.0304768
0.0331296
0.0293984
0.0290432
0.0335456
0.0343776
0.0349184
0.0301792
0.0318368
0.0296768
0.0316448
0.0283936
0.0276704
0.0261472
0.0277152
0.0263616
0.0297024
0.0266976
0.0268576
0.03008
0.0260128
0.0259104
0.0293984
0.0302016
0.0256288
0.0297216
0.0276128
0.0257216
0.0283648
0.0314848
0.0304064
0.0304288
0.0310048
0.0297856
0.0294848
0.0310368
0.0313088
0.029328
0.0311136
0.0309696
0.0294784
0.029792
0.0299232
0.0306304
0.030048
0.0311136
0.0300224
0.030144
0.0297408
0.0289056
0.0295712
0.0316
0.0304608
0.0311552
0.0305568
0.030416
0.0296224
0.0323008
0.0314976
0.0299904
0.0307488
0.0301824
0.029248
0.0306816
0.0298944
0.030528
0.029296
0.0298208
0.0305952
0.0288288
0.0305568
0.0342048
0.0295296
0.029152
0.038928
0.0297312
0.0304864
0.0362208
0.0314208
0.0300288
0.0302304
0.0321408
0.0300448
0.0304256
0.0297952
0.0311584
0.0318112
0.030752
0.0307296
0.0313728
0.0308448
0.0310112
0.0309536
0.0386144
0.0307968
0.030208
0.0305344
0.031824
0.0307776
0.0299616
0.0311296
0.031072
0.031904
0.0325888
0.0304608
0.0307936
0.0321856
0.0312
0.0324384
0.0310144
0.0321888
0.0311744
0.0301152
0.0309536
0.0318656
0.0309568
0.031392
0.0310656
0.0300544
0.0314336
0.0371392
0.0305696
0.0311328
0.030736
0.0311712
0.0296992
0.0311328
0.0320096
0.0298656
0.0307776
0.030224
0.0318144
0.0316224
0.0340192
0.0391488
0.0319424
0.0307296
